5237
4154
5005
6205
5673
508
3473
3042
7937
4903
3880
7899
2317
4763
7269
5771
9354
6253
5214
3604
6952
4357
8824
4390
7069
3569
2443
9866
8539
1210
5928
4574
6988
3940
5216
5626
5519
4832
11176
2984
9810
3093
5888
5323
2343
9419
4293
3599
8556
2394
17842
6290
11512
4825
6571
9924
3019
6841
4869
4707
7118
2707
3469
8061
7191
7489
4063
5442
1560
7155
6221
6756
12080
4798
3400
6235
3188
5532
2760
5380
5408
5099
4499
6168
5538
4215
8870
4169
12976
8363
9698
3864
5222
2766
7078
4737
4153
7132
5642
5343
3849
6145
5684
4208
6873
12038
8646
6467
7108
11980
6658
3116
6293
4308
6028
7604
4277
9579
6032
6431
6482
12924
7654
7157
4687
5725
3804
9493
6812
6347
8635
8277
7660
7093
6353
4828
5758
3191
5505
5676
3320
6702
2636
147
11480
3036
4247
12339
4981
5161
6448
8981
829
9867
9308
6759
9908
4168
2749
7288
3602
7651
6697
5539
3032
12471
7704
5700
6002
12978
7284
8565
1678
6174
10514
8554
8050
9517
1053
12470
6251
11661
6009
3399
5098
3851
7706
5622
8721
2068
4490
7572
5609
6583
4688
12073
7197
9354
7584
5956
9589
3837
3749
9788
7529
4662
3478
7275
2299
5044
9720
12547
4856
9473
10626
10661
1946
1071
2339
5928
5058
8637
8437
8631
3285
6277
2981
11164
6429
8381
3198
4395
6354
8882
9225
3992
3213
6644
6815
7378
6059
4199
9050
3464
4978
4944
2351
4638
6438
7596
3663
4076
11077
3441
6235
4997
8729
7735
8725
13273
2861
10268
4363
1096
7359
10428
5324
11718
3956
14651
11689
7003
7371
5018
12701
11140
6573
2958
4916
3954
10743
7342
12421
2298
3439
7892
7446
3698
5942
3956
5127
3043
8898
4358
9145
6044
4169
8416
6205
4524
6606
4900
3605
7403
8954
4902
3831
5281
10390
5991
8358
4615
4250
3436
7481
5548
6420
3988
5358
5496
12634
10972
4971
8047
8844
10139
3464
6491
5444
3434
7258
6545
6093
7118
7501
5168
11386
6827
3721
6973
4454
1902
8004
3905
6408
3645
4372
5160
6337
9599
3182
5428
13525
2429
9635
8566
2282
8168
2864
2995
15311
4755
4275
4363
5589
9767
8373
5260
7114
5649
2850
10307
2234
5376
4461
6607
5028
11505
7462
6126
4164
6569
531
10465
4490
4993
3812
2323
3995
4735
5978
6068
5494
7283
3636
7444
2111
5327
5034
3403
4876
4470
3318
4800
6214
5067
2585
4875
6789
10379
9963
3169
5374
4956
5528
9231
6912
5974
3782
10806
8251
9411
9303
4471
8560
7388
1491
9976
4962
2412
9251
4411
2453
5049
5112
7148
1096
4988
3281
7252
5769
5536
6169
9845
6583
5631
5101
6550
1332
6943
3479
7241
7100
4590
6503
4732
13543
13187
4920
8475
6825
8239
6301
265
2569
2840
8281
5310
8909
647
7198
4893
3951
7650
6650
14902
3846
4453
1227
5606
18195
8877
8679
1147
5356
7316
9299
4205
6663
8559
1222
7170
7934
8899
2569
1385
7320
3687
5156
3923
7273
9682
1577
1145
6249
5553
3071
4608
5295
2184
1524
404
1100
4839
5856
3292
3542
822
3549
231
9609
3286
1153
1282
1145
6435
7456
5788
2243
771
3758
624
3340
1528
692
3435
2206
10359
1663
8127
298
4066
7839
1952
3367
7735
475
2072
2764
5033
1962
4784
6845
3594
1760
956
2966
1495
406
1366
4539
1376
1407
4579
5412
2477
6812
500
3967
3819
1968
1695
4666
3631
4671
3466
3222
7485
186
2141
4466
5569
7166
6018
5526
7628
3954
6497
6917
4818
5402
3741
175
6544
6713
6636
1204
7573
6154
5171
5591
3917
765
3901
4554
2960
4295
5855
3887
5959
6350
1120
10372
8555
4434
1000
5339
5712
6016
3624
5189
4582
4882
151
3943
3352
4024
4369
4089
2605
3390
4818
7843
980
2880
3896
308
5377
2358
6880
7612
6135
3287
7903
3979
7916
4263
3839
2396
231
5303
5556
3883
4948
7878
5602
383
8985
2818
4998
4848
4764
9719
6663
3127
914
6253
5342
8882
3738
6071
7303
4026
367
4338
2822
3565
9922
1379
5412
828
7081
4080
6929
4470
6891
4246
11586
5624
6154
1759
2733
7980
2361
4051
8294
4966
7547
6369
1450
6640
5407
8512
7061
10315
8256
4162
5264
6200
3647
5784
2240
7001
11225
7284
4463
3505
4518
1342
9080
11674
4146
3439
1749
4866
5537
7279
7002
8358
5638
6686
7197
411
5795
5471
5431
2476
2547
6959
2378
6389
5795
6645
7829
2481
3952
1363
5459
4931
6051
3334
10311
7851
3668
282
4061
4283
7314
8287
9075
5277
3494
9668
4787
5611
2988
5918
3011
5895
4532
3219
5195
5798
2905
9824
5054
7380
10678
5651
5039
5370
1987
6173
1974
5505
4432
8260
6000
3984
5659
3608
3952
2649
5477
363
2307
1152
6421
4751
7953
2374
1075
4133
4586
6622
3251
4835
6002
6627
5035
5790
2823
6373
8317
4416
3686
8786
4985
5372
5159
5732
7084
4974
6269
3230
5656
4744
4521
4912
5795
6618
6711
4654
3113
5939
6814
3691
4307
951
2554
3110
4432
5892
5852
5928
3578
5278
5319
8572
4793
2760
4990
6294
2343
8090
7715
4348
5504
7133
287
3038
715
6151
5607
906
1244
6632
4835
9737
4050
3045
4899
157
4408
4927
4164
2055
1776
8006
3565
4302
2977
5054
5146
5650
3887
747
5721
5766
3406
5016
4298
6587
9073
5201
3799
7070
4135
4615
6100
4291
5817
2136
5653
6696
5351
3957
2314
9654
5685
8388
1940
5095
5483
5291
5005
4957
6802
5900
3335
4131
5831
1033
7069
3694
4076
5388
8283
5470
8846
1872
6011
562
5952
8263
4615
7886
5584
5968
3159
6929
3394
4457
5223
5278
4534
9353
6170
6474
5613
9188
5507
6086
4490
9202
4442
6357
5250
5577
8766
1753
293
8780
4348
4410
7821
6119
1525
5442
1806
7066
4797
7963
8683
5473
4863
4873
1786
3124
6460
5356
3445
5200
4073
5374
3926
5822
5815
12013
7930
4338
5420
5034
6343
8231
3745
7341
4826
3820
5721
2058
8009
7445
4478
4327
7329
5845
3941
5290
3999
3746
5510
6967
7086
6124
3488
4568
6588
504
6413
3845
5995
6148
6569
5578
5826
5992
3924
5694
2152
4959
7266
3328
3790
6407
8562
4246
3713
5067
11425
6397
7425
4157
2834
4977
7822
9347
336
5582
2695
5017
2010
3777
602
6087
12297
4708
5104
7294
6497
4389
6513
1952
6918
3347
3844
6676
6010
6863
1287
4638
3366
2514
2970
3160
4907
5046
5998
8385
3884
3571
2164
6681
6906
3889
3389
5830
4295
6374
8861
5716
6329
6951
5892
5777
3062
1310
6414
1368
4396
7156
6543
6690
5388
4500
2949
8523
5068
9331
5559
5265
6851
9080
489
8020
7645
6809
4568
3689
8044
3646
9550
5884
4969
4722
969
4890
6355
3665
8151
4879
1932
4253
3771
3028
4179
3879
5694
6114
4633
6291
5940
4869
6286
7275
5304
6775
1721
6371
2301
7845
4560
3289
7529
8182
8630
7290
3518
4177
5562
3299
6077
4667
3173
7666
7345
5834
2587
1083
7415
6626
9502
5263
7256
11223
4473
1763
5593
7177
6392
6744
4614
5971
8395
35
3546
5616
463
4051
3394
6289
4504
4861
7652
11236
4474
7577
4456
5959
7733
6208
6482
5191
1186
11754
3848
5101
11265
1036
3443
6071
5125
6596
5504
5199
9210
39
2347
5365
6306
8480
3075
8186
4198
7473
6675
5439
6127
8286
1818
5296
2077
6750
5059
4260
8062
3217
3815
5574
5278
8187
4996
2946
2578
5515
5887
8076
1915
5279
2640
5079
6382
8242
8512
8047
7874
7080
1135
6206
3011
5293
2606
8907
268
3183
4866
5014
753
4861
5324
22426
2686
6754
4555
3347
9752
3647
3502
2705
6616
6033
3037
3932
1146
5586
4372
2248
5515
3336
3840
420
8987
6494
2400
2314
318
2817
2778
1638
6848
4916
4652
5187
7942
4587
1701
8037
3074
2787
6500
5976
3060
3866
9004
4653
4083
5796
3592
3867
10108
5032
3989
4404
6502
6313
8839
9575
4334
7653
4244
899
5162
3627
9325
6639
6426
5308
4113
6127
6872
2452
6995
6015
1951
3335
2432
5582
5940
7922
6222
2923
4320
4345
5865
4354
6148
7129
7697
3000
2633
5105
5212
5590
9543
6972
7632
2325
10666
1931
1100
8339
6648
7049
6377
6395
1027
4110
10411
5103
5419
4401
11891
3692
6672
6637
6801
4427
6394
7456
4618
4225
5935
3725
3809
4190
8336
2238
4132
1992
6505
5419
6065
3844
4763
4276
4061
8100
3581
5172
6167
7220
6756
530
9162
3245
6559
1845
2719
7044
6530
7967
3015
5797
3724
3949
5929
1589
7737
6176
7479
3552
7021
6137
6007
5284
1523
6868
4553
4370
4169
1213
4681
4787
3712
6335
6946
11116
8622
1093
4648
3831
3035
4004
9155
819
6288
6596
1327
898
5873
7272
4889
2175
4746
5644
4032
3771
3543
3493
5570
6318
3860
1934
7395
7228
5399
4184
5283
8289
6108
7074
6299
4836
2469
3549
5575
1863
7323
3978
3707
4077
9305
6355
9373
7027
3157
4532
7379
5142
6691
5727
529
5323
3363
5037
5728
3634
3606
7610
4607
3048
5219
12006
10894
4131
5727
7095
5924
3645
3823
4662
3631
8159
8622
10842
9336
6269
423
6975
4636
6946
7556
15576
7643
5568
5287
3905
8310
4428
7175
4838
4168
2591
2465
4835
9293
3076
8093
5742
1557
6941
5429
6695
6392
2188
10350
6594
635
4557
3235
5296
2005
2327
5556
4896
1753
4957
3192
1887
2315
1962
4272
5337
8276
3267
6605
8920
3331
3477
6823
4866
7212
399
6462
2846
3001
5426
4203
2195
3601
8756
1862
10322
5397
7430
3449
1958
3795
4174
5721
3896
4908
3552
4274
9059
7783
5625
3757
4979
5177
4241
3307
6202
4822
4943
4655
5058
11118
3469
6687
4213
5665
568
7763
5387
8965
4872
3357
2672
1484
7057
2065
3897
7451
2874
2163
7641
6711
5524
7212
4504
6668
8349
7121
5530
3181
4264
6190
4742
174
3953
7348
996
1341
6198
8974
2683
4109
3227
6733
4797
5336
4708
11105
4893
4984
7920
8434
8722
583
12457
1083
7065
2903
1830
2032
3722
4942
5436
4180
2081
5954
4573
4540
6693
4150
2929
8313
6358
957
2820
511
5532
7089
4679
746
8654
8261
3403
609
7926
5070
4232
8312
5018
4991
1805
6432
10578
5313
7812
5050
4518
4144
4512
9375
6222
7168
7046
9036
3592
5832
3504
3695
8554
5052
6030
2184
1488
3329
4646
5694
5182
4908
5023
906
6536
2877
7022
6150
7923
8347
6354
4570
6757
5372
3608
3540
5668
4244
6358
4354
1522
4455
5350
6756
4426
3805
3849
4490
9282
5319
6247
6341
5060
2734
5741
6044
10117
6853
4763
4378
6144
5485
5021
5561
7277
875
4270
4011
4718
7594
4396
5610
10201
7788
5232
2289
4376
3473
4508
5681
9094
3742
4933
8762
4139
7382
7488
4444
4135
5933
6423
4451
2385
6902
3450
8673
6454
2335
2141
5924
6187
4345
5441
7151
6261
6841
7366
5025
6729
9183
538
4454
2427
6238
1835
2887
7008
2892
1297
2711
2464
9430
2097
2004
6038
2894
6492
2199
1211
1549
4813
6249
6637
613
1811
7152
5180
2222
6535
2388
5552
6206
9005
5003
8677
3657
5491
921
3992
2240
4427
5736
5978
4523
5351
11578
3498
5895
6496
5059
2280
5039
5966
980
7666
4262
5869
3993
2996
3962
5731
4524
4950
3864
7045
6903
2736
3667
6963
4227
7873
1838
8662
6241
6205
3289
6085
6979
6700
5046
6512
8786
8671
2754
3439
4181
5993
4005
5319
230
4007
5393
2292
2628
5763
1981
4291
2483
3066
6502
7022
8322
2537
7266
7376
7193
1719
7119
4737
5781
5769
5394
5193
3346
5561
4966
5816
4040
6117
5049
5443
3475
6789
3643
5640
8983
3600
4525
4171
1412
5991
7096
5964
5988
5807
5904
3455
5780
3651
9376
4136
9665
4369
3054
902
4529
2934
551
866
7197
13390
4951
5787
1312
1203
9273
4307
2873
3190
8358
1836
6274
9487
6811
5882
2808
8978
11292
8746
3820
4668
5647
5919
6577
4812
5904
5750
5562
1513
1778
3135
1932
6432
6022
5494
6369
7262
267
8052
485
4970
7138
6202
9448
6793
6126
4790
5518
4472
6191
9263
2322
4412
11402
2832
705
4539
7412
4352
5263
2822
4509
5122
5534
5224
3885
6552
4388
4258
4128
3300
6616
3317
3116
3148
4724
2818
4150
6516
5802
3640
2148
5934
2687
9605
3712
3701
5112
5734
1750
3846
3452
7211
4288
9620
2742
4004
5346
1769
5402
11241
2485
1623
5343
530
3349
5847
4628
4190
5735
3001
3366
6911
6997
10687
5714
3989
4551
449
762
2343
4002
7832
7810
8096
7162
9383
4987
1494
5074
6254
1818
4253
357
6976
2008
4395
3523
9352
6170
6453
5318
6798
7772
1327
5400
3205
8166
6142
6553
4429
8391
6699
2663
5782
7323
5369
3207
6350
1496
6184
7363
4302
10063
3839
2131
3782
8952
6428
3817
4970
5617
5930
3733
1779
478
6842
6950
6385
3525
6581
2520
9992
4937
5552
6519
4075
9007
3804
9265
9323
4382
3662
1057
5128
6059
7671
1380
8316
2965
5424
7563
5145
7424
4117
2913
11296
7790
3228
3291
9377
3979
9171
4359
3851
4444
4847
7641
4645
1316
6012
4792
8090
2634
3782
2579
1624
2467
4578
3214
5213
991
4661
6580
4803
3612
7772
7325
9019
3435
4602
4774
5638
3602
365
80
3158
6540
3928
3704
5539
2813
2878
3511
8628
4700
9159
6374
6660
3271
10610
4820
5032
6366
1990
3840
6582
6951
5080
859
2003
11425
6256
7017
4502
5448
4704
5540
7133
2344
2887
4206
5276
4242
2719
5632
9165
9655
4879
10066
7042
2312
3944
10290
344
5817
3448
2867
4860
3946
8912
3792
10082
3833
8046
4576
9311
3891
752
5405
2810
6808
3542
6532
6694
5428
7886
5155
3411
4991
3107
2942
3589
6801
496
7452
6235
7511
8860
5481
3573
1742
4377
5219
5545
8894
1720
3762
4737
8523
4058
2685
3395
5648
7161
1910
2506
6766
1367
8028
7026
6538
3386
6524
2865
4864
7016
6392
1280
3730
4602
6327
5386
4701
4134
1982
6497
6251
5151
654
5538
5159
6532
2418
6342
7198
2728
1125
6502
2818
4716
8305
8022
4249
6578
9291
469
4389
5841
10863
2332
5722
4120
2873
706
4353
7628
5431
1111
4533
7835
6492
7249
4570
5438
2269
7399
7046
10474
5441
7123
10430
5958
4337
957
4924
5093
1414
4684
7323
4999
6638
5473
7786
5912
1969
9383
2911
5185
4790
521
1298
3807
5025
4692
625
3682
6456
5568
9101
2614
5086
2338
11098
5350
3615
4869
9833
10877
4771
4172
5617
5531
3511
5622
5895
2868
6869
3928
3580
3103
4742
5957
4564
4528
3688
5683
5313
6125
3202
4793
5285
3462
3811
3299
2429
4979
3437
6551
3152
5892
5174
7152
3961
6374
7057
4808
5143
7663
5968
4863
6833
5831
497
4048
7275
4851
4317
4662
5521
6874
1591
6674
642
646
8589
2725
7078
4850
7209
1147
3258
5251
1635
4524
558
8190
1708
4330
9930
4258
3252
6311
2238
3774
8802
8794
5075
6670
3860
5234
3223
4052
7681
5787
4298
6918
1235
3149
1211
3342
9279
7394
3240
5450
2303
5102
9556
12341
6252
8156
2157
3970
3526
1701
8076
6129
4271
4691
2238
6251
6217
2443
7323
10586
1168
3923
3718
3845
3305
4380
2989
4541
2640
3542
10489
3892
5709
2989
6109
9879
4357
5358
9814
3667
1850
7880
7221
2061
3116
8354
6431
4986
6523
7051
7289
7114
11551
6774
7322
7243
8879
6152
8039
3594
4632
889
7504
8360
3353
5583
8429
6133
6093
4320
5612
6395
4000
3568
2870
12291
8232
8127
5783
3120
6316
7422
6447
4766
4409
2221
3816
2760
5187
6107
6900
12196
4121
4385
4378
7636
7230
7674
5537
5620
4181
1620
3559
5347
6852
9009
3240
3270
2499
3481
3796
5329
6705
3608
3715
3919
8253
1722
5151
5161
4139
2228
2728
4032
1570
7575
4788
3192
3500
3592
10170
5548
3319
4801
14695
6494
1926
9863
3154
5126
5306
6808
2222
5261
441
4965
1178
4001
1140
4570
7677
3526
3579
6661
981
4322
3020
7159
6853
7960
895
5676
3293
4838
5733
2865
6201
4465
6098
7469
9089
5552
11861
3413
5529
6038
8701
3492
7373
5076
5681
975
4306
5706
1985
965
6333
5023
7376
9462
8284
4555
4779
5961
3597
5472
4347
4000
6139
6123
2518
4559
3500
4782
4831
4897
5808
5108
7161
9967
9664
5781
7105
2632
3631
5456
7934
5454
5535
2061
3589
10484
5436
4173
3282
5854
6771
4660
4918
8121
4525
2780
2847
6650
6614
544
6601
4191
4051
6454
2085
6572
4151
5115
4486
5284
2723
3982
1476
1663
7169
7556
2596
2685
9258
6708
3440
1405
5985
8513
8700
5488
8154
8075
8878
6469
3644
7802
4674
9189
5429
4708
3598
1224
3651
3241
4080
8607
7830
8786
760
4880
2243
7223
4362
3713
3117
15218
5115
7454
7800
321
3990
6366
8495
10671
5384
6509
247
3596
5053
6716
8697
9465
4238
2408
4939
2751
10108
10512
5041
805
5468
7173
6500
4781
3855
7724
4041
2439
6452
1114
4936
9780
5160
5331
2476
8250
6003
6247
5223
3928
3583
2885
4776
3281
4486
5093
1246
3833
4147
4197
3478
3517
6102
13648
6409
5107
4443
6910
2549
1234
5014
7924
10162
8585
4733
4992
3539
5535
5229
8538
4854
1168
4541
1040
3364
2982
1056
8348
3744
5122
9474
5440
1470
1881
3378
2513
8606
4693
4458
8234
4854
4342
4247
6001
3787
4697
7125
4285
1940
5166
3353
2912
1286
5792
1396
8088
4119
5577
8698
8741
4563
2111
6951
7523
4546
6578
4319
8096
4047
5839
6556
3764
5671
6533
7322
8296
503
3917
11614
1642
1838
5595
5350
2399
5207
8233
4629
13205
5823
4754
6665
4461
3329
4710
5513
912
2856
6524
6563
1667
3293
5884
4029
4183
3935
6398
4023
4047
6694
7395
7212
10308
5359
9172
1859
4121
9161
5440
7354
7905
5093
8521
4194
3123
3101
9570
6384
8139
3451
4740
3610
4176
728
5944
8216
4336
1092
2991
7533
7063
8145
1178
6564
5088
4527
5661
5139
4519
3713
1641
3581
6857
8815
4633
3624
4887
3095
1206
3627
5314
4657
3341
5161
9014
1910
3229
2997
3673
9112
306
4764
5600
7422
6223
6812
4811
8280
429
8073
7101
7458
5037
6792
5345
1816
3435
5062
5229
4946
7364
5954
6977
2026
1333
12446
4255
4600
7042
10389
1676
3971
3073
1880
6594
1213
6108
6633
4355
1693
1309
5570
4996
2283
4182
13808
7513
4638
5334
3774
5558
2716
808
4623
4503
638
4819
5644
3787
4521
4285
1306
3082
7256
6714
4668
5320
4200
6325
307
4058
2664
5067
15598
7183
6460
4604
2642
8300
8013
2427
8527
6847
1083
4007
415
5887
581
3485
10364
4299
5674
8006
6244
7763
5605
4463
10302
5695
6526
3070
3778
428
6956
1027
6146
983
13252
5380
2395
1006
9544
6233
6152
779
5182
6964
16003
1582
3537
11145
7828
6932
5921
6857
4688
4269
5858
7418
14528
11129
798
1042
2834
2178
9043
8039
11763
6865
1740
5145
6698
4757
319
7548
4458
6907
4115
4218
8126
6230
7274
429
5063
8445
7959
7067
6807
8074
4620
1166
618
4534
2849
5139
560
5601
4163
1241
3493
7735
3397
5993
2267
3345
1799
269
3165
4027
6771
4948
7347
5741
1413
2088
2468
4293
5146
4290
3842
6352
10973
990
3752
4986
4050
8024
3949
1438
3789
5742
6248
2886
4527
8449
5154
5381
2244
8930
5495
2759
4771
5132
6934
1220
4144
3227
7565
711
5348
3791
6283
3941
7630
3805
1594
9265
5486
1965
5864
1254
3151
2721
5385
545
7148
5541
6088
7634
5598
7047
6837
5965
5907
6536
6138
3676
6894
6267
6074
7142
6908
2783
3854
2206
5284
1614
7400
5372
6277
6347
2919
5674
2151
2896
3795
4894
5901
511
5666
5549
4699
3573
5713
5705
14808
829
1658
11892
2740
6721
316
6980
4366
5482
2021
1254
3252
882
5390
5295
6838
4181
4280
4944
3171
2295
6784
5840
1896
6303
7116
5636
5455
6829
7540
4300
8576
4754
5001
5168
730
8117
6713
2482
4547
3589
1041
4123
3446
5330
6289
7164
7335
10133
12042
5174
9734
1761
1384
8297
170
4781
5578
7081
1514
7740
8232
3334
9242
4413
4165
6269
8345
2165
9460
3251
3384
4746
3120
1716
5725
5013
7825
4055
6992
1088
2091
5976
6554
5139
1538
7569
357
5593
5758
1017
856
1284
8143
652
874
3382
1450
1968
5085
7442
8223
2203
1152
5061
4263
3176
1948
2669
305
4520
16699
1597
7764
573
1541
4931
2748
3361
4610
4560
12171
7535
5857
2822
2037
5802
4887
5790
7237
3914
2995
5763
2622
1534
7502
5952
1821
5894
11835
366
3675
2325
3254
2149
7117
2182
7961
2487
5802
5888
2979
6217
5308
5045
4259
6184
5068
2604
4395
2476
6710
1873
5667
3278
2121
4231
4513
5811
6067
6491
6187
6317
683
1100
6591
4239
10793
5860
5391
6398
4355
2139
6566
7391
8121
6047
6789
4908
6916
6495
3774
4096
5574
11638
9472
2938
7837
985
4345
4568
890
7586
7046
5067
4204
4890
7014
2822
8237
743
7436
5198
3285
5940
3516
7345
6173
781
3996
1588
9893
6263
7856
7485
8766
8998
5286
608
986
1086
5744
4500
8050
4882
8420
10326
3002
4907
183
961
6171
10404
3249
1121
4182
9427
3715
2248
5307
5622
6389
1692
5990
2188
4368
5849
4852
9644
5353
3799
7102
1246
3435
5024
3019
7962
5378
6934
2759
6611
3796
2776
4699
3371
3457
8052
7209
2238
3073
5310
4770
5485
2759
444
5250
5387
1809
3580
5920
5049
6644
4804
863
266
8818
6467
6593
4395
1417
1768
5843
4942
4662
6081
5641
4822
3583
5993
8682
7584
4107
1236
3380
3386
9286
4448
2066
1940
4285
9416
7434
1718
4948
9271
5953
488
3827
5913
6593
8610
4314
522
4417
5562
7298
4850
89
6724
3617
2911
4397
8795
6930
9808
7038
6272
13737
2016
7040
930
7544
4167
7042
6451
6576
11222
4536
7115
9447
9312
262
319
1027
10521
4011
7238
2412
8213
7097
4625
4238
3682
1234
2734
5489
3292
6052
6395
859
6185
3581
8146
4324
6762
6035
5631
10212
6407
3908
2598
2968
5743
1793
4970
4338
11707
4442
4415
3614
6159
4594
2775
3560
4279
4962
6394
8058
5529
788
9993
6689
10807
9710
8470
3812
8710
431
3761
796
7072
4656
5226
4000
9138
9639
11651
7266
1684
5379
4822
528
5550
6156
7924
4502
10817
5985
4642
3681
4335
4543
5963
954
3273
7168
2318
9056
2096
5882
4170
3681
6298
439
7293
7131
1429
12901
1241
4649
2659
7873
1638
7992
7308
2068
5846
7902
4351
5387
6589
1801
6511
7997
4621
8079
4408
2197
710
7458
3845
8056
2397
10329
10301
7072
4019
4434
6340
7044
2670
1186
6517
3718
937
3277
2783
2905
3644
6957
1894
3499
2100
6056
5699
7034
9065
3686
2194
795
1158
13114
591
4591
2041
1019
8032
2407
3876
1029
8401
11383
7785
4450
3929
4109
9858
2127
5506
511
1317
6445
3475
6404
4114
5735
4022
6470
14954
2763
10185
6026
9660
3115
4443
4783
7169
7162
5872
7785
2539
8748
1167
6658
7513
4592
5051
1662
2888
9751
5814
6877
8087
6264
4157
2685
9020
2780
4608
5460
4529
7231
5433
5911
9488
3704
5935
5360
5830
7253
7702
7700
4685
6045
6872
1226
278
4748
3187
10471
6728
8732
8191
6782
3023
4099
961
8836
4906
5038
1776
10551
3177
6274
3209
7118
5067
3472
4018
10198
2486
13719
2974
7505
2546
8591
4171
8564
4509
5281
4150
10341
683
5847
7773
2205
5986
4871
4072
2225
5123
6705
14368
4656
1592
3563
6620
443
7980
4039
1005
7013
1290
4856
5452
4350
5583
7395
3796
7641
7207
8270
5982
8015
3608
6583
2335
5158
11225
5864
3229
5770
8783
6160
4326
10993
3252
2103
619
4540
753
7304
1689
4182
12391
4141
4212
3671
5712
3196
1611
5745
9016
9187
3122
7399
4938
3577
359
6579
3470
6297
981
1480
5934
4683
3297
3954
4879
4123
5677
1680
8219
7561
5973
3366
4652
8239
4384
4836
6012
8709
2957
7837
2351
5225
8082
708
2324
8967
1636
5176
1072
951
2230
4029
274
3209
4357
1533
4489
11563
4343
5372
5624
7858
1683
4996
5950
3874
4820
7994
5935
1704
8241
2028
3457
4961
1587
242
6617
3428
8296
2597
8402
5300
4501
11020
8035
3121
901
6294
2728
1920
776
7456
7757
5012
336
10923
8198
4373
7081
2128
9353
4047
6315
9563
4174
6266
5574
4115
4556
2054
4556
5197
4117
1122
5441
3961
7869
6257
3852
4580
4806
511
6087
5539
3697
4404
6178
4462
5320
5463
1104
7732
5394
1303
4110
8140
8670
6787
3396
5731
8578
9097
11243
5060
2674
3815
4940
6688
2491
6883
4511
9002
541
10402
5080
3860
11638
2192
10450
883
6039
8161
1951
3141
5063
7791
7028
893
8416
1094
9427
7507
7681
1270
8456
5742
4186
480
4266
5404
6678
8079
5247
8153
9263
5374
8930
9998
4824
7151
4134
5470
4243
8197
5783
7760
2379
10724
4725
4289
4131
4227
2569
3692
4251
4525
4781
2996
4661
465
5990
3766
3783
9423
7787
6978
9262
3719
2463
3817
13717
10633
5617
4566
5079
3106
5748
1138
4112
7169
10960
7162
5592
1922
11048
1036
2234
1670
2220
7341
5829
8496
7425
8071
1660
6705
5069
2234
1234
7577
5493
4523
4221
8358
2304
3621
6885
4108
5504
7362
4485
7589
6949
7354
10218
4265
9125
4329
2376
4296
8154
541
5891
7199
4154
4067
5281
7203
7259
7231
4344
2843
2849
6894
5017
6810
3363
6193
4627
4404
3102
6215
5058
6506
656
8610
7723
622
4125
9398
11189
4844
2957
8047
3287
4790
7783
7830
6624
1300
8295
1597
6573
2883
7708
5661
10721
5877
3516
5845
3581
7454
7050
6646
3630
6951
512
6034
7453
4599
1566
2613
7398
14107
4487
6781
5456
5587
5767
4719
3830
10704
9658
5636
6942
1730
6010
2599
3263
2694
3965
7021
8741
6057
5082
3973
3734
7288
1818
8539
8662
9544
3329
8717
970
7283
11890
6660
4288
989
7740
3830
1379
5901
3900
4334
1559
3360
7117
4821
6410
3661
6750
8619
8441
4290
6232
2586
1686
5610
2993
1356
7118
4793
5673
5526
6264
6927
9228
6581
3923
6403
8233
4918
6968
4035
1052
10402
4337
5540
3652
9702
1462
3863
1262
8781
2938
5176
4847
7331
1240
3842
5955
719
8034
3326
3154
5911
2831
5314
7089
7391
9508
8665
8077
9246
5962
6285
4610
12256
1958
300
7483
5095
2253
782
6134
3470
9512
9110
4905
5481
5615
5317
3807
3461
2460
5911
3459
6599
10134
3767
6130
8798
5695
7642
4212
3914
8186
6755
5634
7608
11508
6557
3499
11376
5002
4110
966
1315
3725
10400
11454
9590
4954
10245
5552
1074
5452
4254
4496
508
7678
3223
4093
4783
8473
2071
1244
7110
2270
5903
4720
9748
7228
7387
205
3271
3929
5636
5880
6174
8513
5564
4495
5363
2109
4779
5096
1310
5809
1735
4422
7526
2299
10139
6500
5325
4662
5611
4842
8821
2702
4456
7942
2802
5410
7315
2423
4864
2837
614
4313
4452
270
3212
4917
5022
8018
5323
953
8304
7413
5400
6182
7969
7481
5979
4238
6952
6617
2341
9098
8168
11924
350
8364
9719
6278
8142
893
6158
429
6081
4163
2535
5806
5801
9191
4248
5600
6647
4477
3722
4988
5559
4846
4697
2913
5444
7896
13610
2572
5444
4331
1794
5909
3396
5280
8205
1179
5645
3680
3675
6240
1399
2286
7920
2669
3957
7584
6446
2216
5647
5441
5819
7956
3947
5671
5885
11939
647
3527
7459
4347
4834
5462
6511
6462
3003
4284
7825
7179
1066
4117
3795
7202
3171
247
5861
182
5719
6279
5562
3545
3847
4318
4459
1222
4890
1081
5485
8804
5638
10634
5011
8812
7057
4063
4222
6086
8136
260
1873
1764
5409
3193
317
7421
5881
4190
9026
5489
6019
6759
6846
6410
990
5303
4783
7213
5751
3890
2693
6760
3886
9090
7349
3894
6024
1839
2781
4032
9260
5199
1124
4762
5072
5683
4005
5141
2806
6959
8266
4694
724
2182
5833
3747
586
2860
8266
4684
5325
8308
8232
7915
8221
5255
7613
2004
5981
3290
855
3899
2166
7067
2776
6707
4451
5629
6888
7605
5435
5422
6673
7604
3162
6505
4732
7029
5827
1192
3799
1850
1051
5350
4135
10014
2392
5065
1460
6678
10627
7688
4608
3041
5036
6746
2405
4070
1656
6602
6885
9049
1947
6127
3423
4244
1011
5326
8467
5773
6351
6854
7509
5339
5638
4951
4170
9677
3594
10787
3582
4403
2689
2051
6218
2827
3416
6235
1787
99
8475
5567
4391
7089
3285
5562
4704
6133
4175
4342
4005
4404
4923
7168
9211
4209
5777
5436
7760
3070
5187
662
7073
1239
9053
1834
7419
5169
6799
6476
14277
2360
5155
4605
9075
5944
4229
7227
5403
8136
1007
7283
5282
6525
4871
4913
1275
4594
7696
1252
5469
1289
7224
7684
5090
5411
1444
2836
3954
1010
2508
4248
5198
3751
3456
7002
5924
2087
2034
2321
3270
4049
6923
6566
5636
4428
5318
5579
13934
1336
1061
1799
6079
3217
4576
4923
5083
5992
5769
1183
7248
5973
7133
4179
3200
6019
3782
4664
4520
7331
258
5279
5447
11349
5305
1386
3069
8472
4427
9333
418
3793
4429
5235
1982
3964
347
10209
5583
5055
5300
5808
285
1263
3241
5992
6760
5405
6417
6436
3638
5420
4304
5011
5286
4499
4047
2590
6654
7729
6458
7034
10349
7421
9377
6102
7821
5561
5076
6563
7059
4493
684
6549
4671
7623
6072
10878
3671
7814
10845
5303
921
4426
8090
3594
6078
1583
4464
8553
4091
5626
1273
10179
3397
8460
3733
4381
4361
5106
4214
3036
9061
5699
6788
5515
2034
8373
2865
1990
6871
5530
7173
5095
2383
4982
3851
10138
7999
3644
4393
3005
4746
5059
1711
628
4765
6403
3261
3009
586
3556
2636
4017
3830
5712
4201
5762
7392
8292
6460
10357
7166
4059
9394
7888
3218
971
4157
9100
9821
4720
6815
3511
3545
9536
3788
5724
3179
7597
4246
3550
2089
800
4126
9422
3744
8571
8826
12280
9036
1539
5553
5544
1240
5775
15141
8598
7143
7321
477
7621
4754
3426
926
4877
1297
4745
5937
5100
3841
1818
5770
1678
8497
2908
4190
7843
5693
5116
3592
5735
5768
2067
631
5361
3721
8869
3000
6084
5744
4774
4509
8787
2750
7740
1413
6344
6200
9061
5981
6036
5635
8595
3328
6170
5491
6423
8269
3031
5452
6585
3761
4998
1779
4969
1692
5739
4231
9802
4252
4579
6761
8731
806
6642
3853
6024
3386
7194
6229
2699
3359
2420
4354
4851
7180
5791
4940
4896
4966
2116
2213
3060
3218
5141
887
9516
6867
4836
3487
2948
7141
1983
6450
9102
5914
1176
5859
1138
6013
4016
7326
2477
5144
4741
15983
7813
548
8490
6759
5816
3393
5678
5637
2878
5567
2662
940
5475
9748
4408
4719
3058
5874
6204
9196
5206
6656
7620
4702
3151
4252
3775
5167
4027
1820
5212
5648
5659
4359
8437
4141
5082
8160
6287
5692
5010
6041
7408
7886
7215
7808
4667
8620
4511
3667
5089
5471
4159
5269
3833
2891
7197
5272
4838
7280
4801
622
2228
5747
10187
6279
8129
6452
5534
5700
3942
7232
6866
901
7098
6642
9358
7059
5824
6963
6814
5001
2955
1274
7941
5983
2329
6176
6406
5977
5850
624
6731
2570
3321
1601
760
4303
7914
7881
4692
3901
6099
5148
10652
2270
5704
4434
10667
4291
3505
4532
3093
10268
3398
3785
2272
1507
7032
8530
9510
1291
1082
11731
6414
4408
6027
4356
5940
2955
1263
1139
7223
10547
10221
1634
2891
818
6274
762
19786
3568
591
4816
6358
4557
8726
4459
5943
5271
4498
8167
354
1602
4961
498
1916
4435
2821
112
5619
1985
3186
3414
6230
4050
6046
4171
4140
4239
6364
11099
8194
7007
3749
5095
6345
2787
6952
5948
8281
3668
5755
5599
5141
2637
527
6179
4376
1788
6264
6094
1485
7034
9155
6346
4499
2501
3575
2095
8063
6837
8372
6544
5676
3010
6032
3227
6900
1098
8065
8340
5820
5901
2016
2787
5891
6880
5752
7627
5511
4828
4760
2775
436
5933
2913
4666
11437
3642
3970
4655
6357
9051
3821
6974
2646
7387
7682
3862
3247
5053
2423
5739
5498
4143
6947
3485
4830
2255
3136
3135
6462
5338
4965
6331
6977
3952
2842
8492
1439
1618
6912
7851
6638
5215
1411
6969
3056
3587
1384
5992
1587
2969
7003
9103
5814
7165
8960
3506
3901
1156
6060
730
4400
439
2599
2971
2850
5038
4687
4803
1703
6302
4886
6439
9043
4610
4278
7877
1857
5462
5366
5079
7950
4405
3809
7609
3962
10980
3075
7526
5309
5777
6356
5205
7060
6925
2900
1449
2992
3067
1589
5855
5273
8326
8496
10446
1963
2674
968
7550
5357
4782
4741
4241
338
7273
5974
1444
6279
5242
5606
360
8300
3697
7719
4545
5576
11646
7091
368
8913
5000
8952
9231
2433
7213
2807
6417
8519
1060
4973
5090
8997
4422
3353
7791
5060
4226
7662
4509
3651
7372
1195
4989
3132
6494
6972
7275
6979
5798
5784
4603
9755
5047
7209
5929
2957
8863
4920
9858
3099
5521
1256
8526
4844
3916
2115
5196
2307
6693
6086
664
6194
8902
6505
5902
5792
5113
5906
8221
2647
7079
4917
4964
4150
3126
5876
5133
3695
9496
6484
4005
2681
4083
6827
2375
5542
4518
3138
4441
7195
6410
2636
7774
7877
3078
6080
5502
6818
7234
6663
5789
4807
5511
3830
4970
4774
6096
6029
8728
2803
310
2430
3961
9298
4886
6930
7352
4931
3147
2872
5523
4574
5900
4696
4568
6775
3525
3110
3072
5801
6089
642
2932
4961
4606
2046
3926
2635
6049
6813
5040
5139
2268
7716
5898
6506
5787
3877
7062
5427
5638
8587
6066
543
6009
7511
4588
4488
8273
5128
5789
3652
5875
2328
4230
7168
5624
2990
5265
2036
10885
3213
4888
4514
3186
5176
6471
4887
2428
4026
3676
4214
5058
9484
3070
5411
2565
4921
5866
5049
3625
6932
6572
5935
1149
3152
3570
17359
4081
5371
3110
3518
4916
4947
4871
3588
8215
4612
2771
7988
3685
5801
1727
1737
5479
5855
6205
11831
6154
4698
4133
4534
7016
2754
5591
6933
6354
4491
4458
6875
6021
10487
5505
5341
3899
7642
4166
2456
3823
2736
3059
4806
2552
6131
9108
6981
1774
6865
6388
6313
3530
5659
6254
5574
3893
4779
5071
2185
18719
4513
3206
594
4225
9461
6219
6138
3220
283
8832
7543
9678
1303
931
6023
7708
3011
3459
3621
3661
5444
7748
5422
9393
4554
3738
7218
7314
5761
4063
3685
1392
6359
5946
4155
5206
3866
368
7429
6697
3574
4297
3305
4964
3326
4868
8205
2356
5049
3801
6584
5878
4815
4675
3273
7041
6042
6647
397
3076
4506
5357
9543
7361
3312
2606
4009
1778
5531
3888
6487
4741
7129
3861
2428
4336
4068
5937
7052
4420
11896
3144
3420
5066
1972
2614
5580
4122
567
4764
4423
4666
5059
4488
3369
4388
493
4385
7284
1029
5583
6129
9746
5429
5894
4401
1842
6545
8154
5882
6710
6737
7331
5711
3447
5116
3204
2266
2257
7790
6207
5311
2302
5150
9004
3273
2347
4712
5493
7075
6289
4119
11926
843
7008
5653
5966
2045
3562
2763
5277
5077
2824
4502
1499
3821
7102
6518
5563
1702
9784
4761
2684
8636
4972
4269
3751
3345
2843
8586
4697
7793
4239
3015
440
7040
4414
8383
3243
4412
9503
5505
1220
4888
422
4334
2121
4950
10131
1477
4746
4114
4383
5221
4645
6895
3192
3239
5390
5498
11836
2076
662
7898
5714
5130
4991
3315
5292
8678
4246
4384
4642
6022
4548
5011
3402
2865
10408
4741
7273
425
6201
17709
2800
4983
2044
2187
2432
2769
6602
5785
1774
5281
4327
8943
5681
5335
1324
3453
7558
6187
2422
6658
3625
5141
4221
5285
6641
3442
3160
4998
2972
1598
3855
1718
7001
7441
9221
3769
3314
5368
737
5386
6212
8863
4361
3733
5285
3870
3247
4672
6057
6728
4018
6956
6534
5017
4258
4814
3800
2404
8521
5288
7453
2337
6733
8664
6406
5951
495
3990
3905
3449
3598
6520
4281
2684
3840
4999
4261
4530
3978
4714
5550
1978
4184
3952
4712
5157
3680
7063
3469
6660
3593
7835
2236
1762
5817
2715
5555
5951
5832
5964
7661
3846
3540
7938
2817
4794
5559
4390
7452
6981
5089
7950
6042
5928
4647
3979
3875
3397
4853
10585
8356
6441
4875
4602
6134
8064
4620
5687
3555
6020
7623
4610
1209
6627
5711
3627
3789
7607
5448
6194
3794
5967
4143
7132
4247
3865
7396
6025
4283
6963
8377
4995
5826
5491
3992
5038
6267
3335
6598
4692
2122
8182
7378
4801
5638
3248
3633
4056
2143
5391
4950
3107
7410
9734
5319
3154
5221
4055
5921
6639
6351
6030
2400
4070
1027
5723
5841
6486
4013
1088
1176
4546
3295
858
6646
5037
6144
4456
8534
6410
4378
6958
5141
3669
5922
3683
4141
3159
6420
3402
3129
2019
4583
7880
9480
4247
7366
4928
10987
5837
4645
6375
2180
6446
6590
1083
6150
6633
3924
4986
3341
1774
8094
4141
6617
8566
4451
11377
6363
3592
3188
2621
1564
1518
4429
4818
1608
4401
8323
2673
6746
1995
4923
890
7142
2397
2756
4013
8460
4449
3997
1080
9638
5425
1129
2323
4986
5377
5604
7241
1514
4371
1687
8231
5071
4585
2776
6206
4051
4045
2283
8489
5083
2832
4670
4043
5926
2744
5833
2074
5236
5894
3750
4688
4310
5520
4122
5952
3020
2717
5853
8639
7467
575
6125
3593
3345
1344
4358
1117
6763
6128
5595
8526
3040
8496
6955
5135
7587
6443
8647
2606
4221
5770
4140
2679
7574
3049
8519
4610
6507
4680
4210
4226
3694
4597
5395
10355
1614
235
3121
3875
8584
4285
3456
6089
7471
2554
2565
3462
7863
2727
8041
7147
5488
6333
1406
4432
4435
4259
3625
2433
7095
5648
5037
5876
2209
3457
1581
922
5696
1351
8095
4708
5788
1347
5658
3996
2584
5841
2097
3807
4802
3687
7847
14010
3332
9088
5777
621
16950
4689
3586
5733
4110
4758
7407
2525
4677
837
5646
2990
5551
6821
5626
4899
3105
5567
4606
3845
1477
3225
6646
2416
6105
6209
1189
3277
3479
4848
4716
1846
2034
8048
4440
6522
7813
4352
5585
2647
5384
4217
8928
2963
5555
6848
4946
6411
3652
5908
4587
8318
5984
5929
4265
6292
3578
16556
3125
4646
3433
4090
3701
6876
2515
4094
5434
5485
2699
1234
2870
6552
3531
6506
9245
3510
3303
5642
8526
7492
920
2435
7707
8560
6587
4504
5603
4500
7398
521
4079
7241
3464
8149
1171
2527
1342
3260
9818
6076
1222
4084
5208
8948
4966
4865
2619
2892
2821
5770
4498
5351
6765
3478
3346
1094
5278
4580
2729
1308
6838
6968
7343
3845
2984
5310
6969
5301
5122
5476
6584
5083
8892
4702
1069
6984
4591
964
5555
3618
6231
3528
1638
7320
5796
4816
3663
5391
1714
2943
4391
5756
7849
4970
5469
6808
2792
3670
8410
504
4991
8472
4099
5188
5622
7755
3139
653
3435
7165
4678
4426
6736
6157
5352
6593
3170
6302
8509
4277
8857
5325
6413
5738
7613
3303
3013
3553
3622
2755
6957
4441
5782
2647
4192
7222
7895
3135
8523
4731
5205
4240
1611
5508
3619
5215
3663
3955
4986
3536
8662
329
4221
4632
1007
9472
5427
4830
8984
4009
5946
5365
4666
7897
4594
1071
6459
2443
3413
8052
2109
8081
4722
3964
1475
3382
4292
7129
9325
5249
5703
5033
3303
4109
4218
1367
5801
3209
8600
197
7236
6249
6718
3912
5960
4167
2232
5074
6253
4472
8003
6422
8858
4078
321
4074
9789
2254
9254
5770
5272
5881
5022
3776
2539
4769
4909
1735
5389
2848
830
3726
3841
5006
637
6559
6865
3191
1654
3772
5875
5795
4262
7940
5716
5482
4001
6604
5872
1364
3791
3887
4590
4308
7618
3544
5007
670
4697
2784
6612
4237
4971
3207
3331
3769
6208
3427
6410
8217
4132
4099
5279
6110
2425
5129
9233
7155
3709
5371
6494
5804
7016
4261
2903
4545
4376
2799
1999
7564
8589
6092
3894
4342
438
7106
2029
5018
4578
7865
7212
8531
7335
5601
7299
4576
3097
4799
6377
4600
4408
4454
2986
3498
7644
3358
884
1940
3987
2084
6596
5134
5435
4242
9722
5747
5873
3818
2843
4436
2123
4321
2443
6530
6155
1808
3569
3982
3216
884
4466
4982
3242
4330
5402
2642
5314
13534
3678
6462
8005
4145
3295
1780
6390
6121
1852
4854
4031
6726
520
3764
4502
6265
5266
4339
3041
4196
8136
6109
2636
6036
3555
5838
5196
7126
931
3817
2052
3171
1505
2374
4780
4633
3360
1649
7383
6086
3139
8445
4917
4332
5842
620
5737
6065
4527
1348
1786
4172
5343
859
6962
6647
920
4076
6104
622
7392
6186
14545
7582
4343
1524
998
3220
4898
6519
3615
3954
3838
3397
5108
7563
1691
3077
2871
5415
4421
797
7191
6059
3045
6988
4995
1505
6170
8688
1358
2990
5925
5834
3998
809
2692
824
5801
1403
9184
7711
3446
2491
3624
7904
6459
5872
4835
6508
844
447
7360
1446
4190
7906
6904
7586
4429
3311
5189
7010
6642
5131
3529
5631
1505
5975
4532
6767
5613
5571
3450
801
3966
5787
5398
4971
6504
3640
6890
6830
2824
4940
4139
7856
3457
3461
7557
853
7258
4812
2641
2182
5199
3620
5502
1910
1052
5622
4847
3089
6361
4369
4011
942
1240
3547
5924
5164
625
1855
5531
2202
1703
5313
5109
3730
5582
4812
8040
3341
3137
1574
6887
2842
6146
6383
1570
4789
1170
5950
1362
4160
8290
2476
3214
10145
5365
5303
4847
4670
3296
5458
6328
3669
3937
4181
4299
6033
2073
8195
2601
7945
3355
7034
3455
4659
2394
1201
5649
6628
4859
2814
5708
4978
5298
5630
4094
4945
1161
874
2793
6966
2801
5882
6815
8290
8590
810
6181
2570
2604
6850
5323
326
1938
3568
7646
6344
7252
4853
3501
5538
3425
6529
5837
1898
7574
5077
7232
1135
7587
5641
778
1111
2802
5141
1143
1710
4150
7142
5677
5266
5452
6882
5138
4315
3123
3089
3828
4383
5734
3874
3450
4485
6506
4591
3178
2484
7036
2645
3593
6853
6415
769
4904
6968
6955
993
325
2642
2061
8933
4132
9410
6273
4815
3742
5713
3514
412
13519
7735
5684
13391
6659
501
5268
4143
8448
1878
4309
5534
4448
3642
8879
671
7161
5468
7411
5467
4060
1384
5453
2063
630
4892
4874
5706
3202
4922
13002
5963
5293
5568
6727
2965
2062
6750
3659
3919
6328
5454
6799
6277
6231
2984
3165
3928
6577
7205
4306
12738
9856
7350
3909
6266
3617
5407
2749
448
7131
5809
3111
6596
1615
4531
5612
12676
2417
5425
6889
5943
3495
923
9628
3164
12939
13242
4083
3800
4881
2183
5410
5769
5179
4847
3815
3344
4504
5850
5220
1967
6194
1275
5033
656
171
5512
5574
9351
4528
13877
8042
1936
4842
4277
4665
4513
3664
3465
3272
1592
6020
1548
622
2141
4381
339
4476
7610
588
5305
6497
5072
766
5753
7145
3424
5483
6086
1542
498
5147
2452
3248
1930
4718
5788
5816
12478
6469
1996
3341
7000
4151
814
2654
4375
5107
152
6583
5204
5647
3591
358
7539
206
6617
8900
3510
3303
423
5228
790
4574
1950
4698
6681
9324
4037
5730
297
861
2570
3871
6100
2666
1415
3600
4590
6525
6960
7220
11368
3425
5566
5350
6531
5948
1112
12330
248
4981
116
4961
3011
6974
5530
4972
5635
6186
5413
3304
2810
3689
3831
4376
4781
2237
4839
21
2118
5531
4133
6071
7803
5596
3446
7055
3761
6251
4701
2317
6048
5485
5272
6434
1679
6363
8247
4666
6498
953
6261
4431
5859
10389
4938
3517
4220
6075
4823
5586
1013
5172
420
12039
6674
1684
890
8774
1689
2887
4434
3545
7789
4855
3706
4191
5449
6000
530
6475
6795
3784
498
4492
663
436
1108
3231
6529
4554
4034
2288
6513
399
4977
745
3868
6129
4897
6255
1970
5237
904
6798
1544
5320
1212
7692
4751
1659
577
9188
1533
942
5212
773
3281
2227
1947
6520
5393
8210
2738
292
5551
1023
5016
7022
3159
3191
4248
1462
1674
5469
4772
4994
5386
4515
4759
6913
3337
4426
5442
10418
11700
6624
5346
5963
10993
6258
11300
669
3633
6137
11115
1648
4005
4223
3494
10923
244
5166
4477
7173
1539
2043
6465
6906
4217
4920
3838
10591
2233
4215
5681
893
2082
4472
1513
5563
1311
5841
2966
4865
3950
2057
3462
10799
11141
4218
5135
6293
3959
3900
3071
3567
3809
2521
4706
3638
9559
2137
4048
9554
1160
3654
4150
3975
3009
6169
10147
3926
5374
10697
7734
2976
4667
4790
1071
10377
4866
1492
6616
962
10124
3259
6155
6656
7202
2605
507
5461
5861
3204
1868
3931
5523
4406
5254
3502
661
10223
10540
5766
3696
412
6560
3821
3682
4424
4190
4189
6009
7086
4682
8528
4677
6243
6108
1255
5219
2426
3674
6324
1263
954
10411
4723
1541
2906
3651
2181
2771
5338
3357
3016
7519
4703
561
6684
10217
3254
3483
4672
3316
4784
1272
3418
4004
7398
10245
10117
3904
2923
3656
917
1038
403
1576
3605
635
5359
4480
4673
4252
3112
3335
4031
5831
3540
1383
5600
5779
9746
4909
3813
6187
5251
1370
2140
1463
6450
9843
3221
4967
303
3498
9956
9140
540
9953
680
3624
487
2958
3534
1959
6627
1127
4384
5257
4409
2636
3345
4976
3342
5011
10513
3043
2965
3053
5396
6862
8539
5777
5542
4279
5468
9512
3018
1817
3010
4159
3478
3305
2412
4885
9993
9049
4574
4158
1430
9500
9510
4933
9437
1114
9739
3100
3241
3417
9378
9129
8924
9722
4582
4784
1101
4331
6037
9229
5599
9202
4683
1668
4645
4764
9362
3837
9244
5077
4993
9284
9295
7636
420
9012
5031
5462
4281
8080
8972
3369
709
5241
3998
4013
4012
4493
2202
10323
1443
4517
1327
996
9395
1195
8806
4453
9092
1897
9223
2494
6447
3288
3514
1652
3556
5338
3936
3642
3964
3309
9094
2984
8999
1349
5519
4744
4098
4217
3629
1600
8677
9173
5328
2051
5363
8515
8707
8952
2478
3533
8840
723
3447
5432
8986
4731
3429
9498
3156
4313
3115
8769
8242
4525
5244
3405
3316
7840
3451
878
8706
2460
4328
8520
14479
2814
8176
3748
3890
8670
2195
8427
4430
8326
3810
3705
5242
8448
3734
2270
8180
7726
5362
8418
8103
8069
7662
3953
7862
4551
1154
4193
7626
2047
3739
8556
8214
4946
2728
4114
8069
8241
4514
7967
894
7859
4340
2792
1150
7776
4191
7812
8173
7745
8498
4191
4050
4569
7660
7229
4562
2488
2044
7334
7861
1563
7868
3271
7812
6104
4349
7899
3423
3030
3494
664
2517
7691
3560
3825
7514
7868
1962
4676
7331
4134
1720
366
3190
7624
7781
7633
3804
7060
7637
7075
3972
2502
7789
7476
6296
3548
4951
3099
7759
7734
3351
7641
3040
7580
7670
7109
2428
3779
2525
2270
2492
7626
7477
6547
6319
4120
2199
7639
7556
780
6925
6749
7355
884
7495
6454
3127
7483
7381
7254
655
7274
323
4098
905
1686
7337
5177
7006
2164
7605
7331
7481
3639
7256
7318
742
7458
6828
7245
7022
3469
6498
6743
6752
6683
4330
502
1694
7112
7102
3676
3151
964
7095
7043
1883
7223
5746
1643
6070
6795
3617
6640
7004
6989
6873
2298
7106
6960
6380
6954
8396
6801
2896
7107
6229
7410
2170
1480
6270
6966
7088
5163
3042
606
3549
1446
6872
3164
6540
6535
2778
6694
6858
6880
6626
6920
2331
6779
6932
6833
6527
8147
4654
6514
2769
6697
6492
1309
2938
6208
4994
3181
1776
2682
1356
6577
1289
2370
3639
6574
6462
6727
6921
3120
6515
2745
6589
1328
6544
1119
6143
6163
3740
4778
6558
6379
5556
3538
6480
6191
5706
6099
6288
6333
6372
6497
6423
6382
585
2157
1321
6241
5982
5738
976
6541
6019
977
2461
6211
6401
1959
5551
6084
6235
6442
6182
2479
4083
3119
195
2326
5893
3121
6133
5890
6257
6073
6102
6135
5376
1916
5876
1000
6150
6213
6238
6163
863
7202
6361
5004
5708
2713
6030
674
5994
5981
4567
6228
1612
6164
5608
5971
5919
5388
5248
6004
5984
5928
5632
5464
5909
5260
5858
341
5846
2965
6052
5880
5779
5910
3731
5904
5627
581
590
5642
2460
5261
5027
4996
5812
386
5623
5629
5283
5855
5410
3292
6027
5258
5610
5864
5835
5678
5661
4805
1802
1016
3209
5406
2984
468
5773
6086
5497
1130
1816
5169
5176
1566
5659
4997
5412
4410
5503
6117
5487
479
5692
5458
712
5370
5382
5500
5486
5483
5515
7620
5297
5632
4091
5514
5103
5451
5165
5368
5294
4840
5235
1117
1790
5465
5319
5476
5325
5327
5096
5158
5418
5120
8450
5154
1350
1526
4084
430
5269
881
3822
898
5334
1912
5276
1089
5760
790
4779
4729
4600
5199
4697
5036
5123
5236
5164
5082
4962
5092
4933
5153
5058
5040
4833
4206
412
5038
3264
5038
5037
4996
5009
5048
4853
1379
5266
5051
4913
5183
4663
4940
4683
945
4847
3679
4693
4857
4601
4801
1508
4844
4852
4795
4500
1527
4448
4738
4775
1161
981
4756
4550
4729
4336
4843
3047
4587
4594
630
4287
4756
4604
3945
4789
4292
4512
4615
4390
886
4284
4523
4490
4518
4220
4286
4425
4231
4210
4212
4452
4412
4297
3124
3856
4375
4286
4319
872
4558
1038
4332
4259
3660
668
4338
4152
5742
4405
4259
4254
3870
4107
4016
3883
3813
4153
4148
254
3768
1969
4043
3992
5367
3952
2303
3963
3807
254
5039
3673
4138
3863
3877
3597
3859
3475
4107
3910
3745
3942
3896
3877
541
1398
3739
3810
3860
3750
3642
3734
3797
3623
3756
3632
312
3697
366
3670
3535
3409
3740
3361
2665
3567
3261
3570
3485
3546
3448
3618
3575
3549
3518
3524
3565
3593
3475
3432
3405
3427
3460
3348
3391
3526
3388
3451
3411
3461
3401
3548
3652
3511
3544
1843
3528
3409
3193
3538
3580
3262
3661
3654
1767
3609
3356
3523
3216
3344
1605
3414
3505
3386
3265
3426
3626
3578
3512
3435
3434
2682
3078
3251
3323
1270
3535
3584
3342
3341
3530
3230
3494
3502
697
3524
3540
3401
3545
3412
3468
3968
2534
3456
3445
3373
3294
3235
3405
3396
3300
3224
1990
3082
531
3302
3388
3309
3156
3068
3410
3352
3370
3182
873
2760
2882
3263
2999
2723
2984
3142
3205
2977
1450
3023
3016
2941
644
3009
2498
3069
3119
2940
2764
5749
4607
2553
2970
2996
2985
2940
2978
3024
2902
3020
2741
2728
616
245
626
2525
2658
2318
5658
1941
2424
2693
2065
5473
2315
2252
2338
2366
6216
1985
25
2304
2132
391
2185
310
4494
2015
541
1351
235
901
1917
387
1620
1790
2786
1701
1488
420
564
1365
1064
1304
1153
968
7497
1008
4899
1075
1049
528
655
839
867
690
806
571
7509
597
91
