6296
10205
7210
5240
9309
3370
4549
9860
6997
4983
3714
5170
2560
6264
7277
5952
7057
10293
6277
1220
4507
4125
6348
8064
6586
6134
8407
4994
6683
4629
9221
3432
7557
10947
9036
4187
4900
5166
10057
5664
7362
6332
9922
5373
7272
6776
4103
5777
7611
5397
4164
9614
4395
5926
5776
4652
3633
5728
7130
4484
8989
6381
6202
1503
11218
1583
7342
9047
4144
4761
4334
8615
5473
7444
9233
8232
4624
5942
10774
5885
9727
6929
12081
10389
4559
6675
6999
6183
2794
8208
2549
9974
5205
10675
8546
5514
4573
8777
6669
2797
7316
6320
7050
2542
7957
8385
3837
413
4552
6240
15188
8904
7626
8649
4235
7145
6499
8397
5401
3196
10840
4708
4916
5109
18483
4480
6124
8225
5790
3612
4901
8642
6549
12118
4273
6665
6629
7230
7702
6350
5099
8714
10185
10749
7917
12462
5954
4451
8759
16231
11027
6581
4145
8554
6441
5267
10896
16289
7102
9929
5527
2129
5425
3792
12823
10110
5344
11380
10858
5448
1886
6617
6724
4756
6966
9001
2522
9946
2678
4883
8430
4107
12361
8006
13391
4024
4832
11023
5116
5441
6785
1757
5975
5472
3052
7248
3023
5169
8632
6828
7863
6149
11044
6189
6499
7198
7704
3414
11744
6327
5575
3099
5624
5099
7454
4116
6473
4406
5437
6915
5957
7059
6203
11300
3308
3916
3619
9142
6299
8162
6275
3842
6830
6547
6943
7154
12813
4664
11216
3060
4049
10234
7978
3107
9052
6260
6511
5515
768
11677
9723
6220
5652
9094
8630
9636
10682
8775
5191
4008
8479
4973
5013
10934
6518
2859
4255
10088
3666
10182
11237
7176
4447
4919
4682
4349
1188
5044
2644
9463
5936
12040
4060
7453
5374
10315
9016
3874
5019
6933
4937
6399
4707
6687
6567
6537
11503
14121
3340
5337
4274
8328
9908
5760
1237
4444
9156
8499
8667
8878
8514
5363
10041
7092
8952
4109
6073
4293
4457
11223
2386
9321
3216
10024
9062
5224
4191
6321
6759
4086
4230
9946
13360
8882
10889
12630
3307
5348
5451
10066
10411
3931
4307
6811
7154
5364
8205
7326
8464
4574
5614
7618
6703
11303
6005
8356
4166
5382
6732
8773
6461
5974
6275
6624
3977
5341
4195
11179
9460
4641
5578
1347
9115
3933
6383
8765
6625
6398
7588
5976
4027
838
6752
8943
5127
4488
5927
3503
4443
5829
11204
3988
4844
4266
708
4000
10754
12500
5590
3410
6408
7621
9161
7429
5461
6399
9618
5403
3509
3267
6395
4529
5850
9368
6356
7546
6675
7832
13392
10829
6275
4026
4344
7065
6972
5876
5221
2065
4601
4362
4569
9148
6120
8384
13035
2620
8807
13502
2774
6722
4615
4166
3813
7383
6855
11585
4548
5775
3426
11779
7752
3700
5932
6913
10688
6350
5835
377
8107
11731
7361
7731
3700
2905
5110
3273
4373
8511
6345
5313
3702
4964
11668
7056
7930
9070
11879
7500
7114
6352
797
6598
2913
3383
9320
6771
5579
3394
3568
4498
6959
6238
4227
5442
6312
6838
7572
7033
10896
2985
4526
8134
10732
7500
6089
11379
5664
5460
7846
6428
6421
7527
8150
13294
9233
6919
9500
3244
11646
3681
3034
1491
7863
353
5413
4541
6135
5726
5837
7194
11464
4928
5291
4686
1447
3387
3665
2820
8325
5703
8149
8553
11505
5370
7354
7231
6473
5586
1446
7917
12778
5361
11387
8839
4498
6890
5470
6047
3952
6413
4750
9919
6911
6930
10132
9679
6143
9054
4893
4336
9217
4543
5286
8321
6430
6767
4847
4502
11145
7133
8165
5925
5777
2698
5062
5362
4900
7182
5349
5893
11235
3457
7253
6974
8864
6600
5055
5156
4965
8369
2916
6948
5734
6360
2412
12810
2974
13619
4500
4314
13052
10812
820
11422
8193
4192
4261
10259
9614
3267
1352
5088
13322
9942
12262
7842
5283
4941
6062
4577
10167
4847
11114
6297
6849
10946
14720
4883
7791
8707
7318
13405
11518
5738
6259
8586
5841
3180
2198
12156
8193
10666
7125
8356
7073
2808
10339
4571
2698
8044
7148
5685
6078
6066
2708
4600
12491
7133
9592
9789
10722
7837
10547
3690
2067
6823
7217
4613
5038
7717
9945
1559
11203
6921
255
4124
6272
9722
8348
15413
2286
7312
8611
6649
2783
10731
6440
4434
11843
2903
4996
8740
9128
5393
7541
2924
11656
7234
3244
6071
11849
5185
7093
5854
3412
6771
4634
5502
14649
5797
10026
5946
8758
7572
11367
2280
8167
5561
7774
5013
3724
8497
7827
10464
8996
2608
6673
10936
5938
250
9041
3706
12945
309
9622
12046
6413
2970
10960
12054
340
5743
6185
1899
10567
3417
2016
7883
7882
7082
7439
7227
2413
390
8467
6718
13025
606
6291
7312
6372
1126
5365
2528
4479
3217
300
4452
2461
3672
4370
5904
4226
279
4530
9278
4131
7452
3961
4531
2914
6162
5861
13634
5322
2884
11674
9186
6155
2877
5137
498
3026
2483
2007
3721
4396
6936
9545
5716
6538
3736
3465
2630
4996
2383
3407
7103
3515
5836
6523
6984
2461
4638
2299
6338
5036
6260
4439
5555
3407
3196
2670
5111
3654
2686
4085
6544
5076
9491
4176
2735
3503
3389
10414
1269
9816
4259
5781
1389
2829
6396
4242
6297
4476
1902
3632
7421
7223
9563
225
5429
3974
677
9649
4198
6151
3168
6368
254
8896
10555
7204
4023
4758
4518
5078
7412
4049
2280
4990
2506
7126
7190
5573
2463
9672
8519
4002
6793
4126
8689
7018
1084
1092
8855
3252
4964
7831
465
5998
5724
4183
338
4046
5580
3055
6654
7759
5945
3935
7688
4364
3104
4342
5329
5017
1783
6398
5164
11221
3175
4085
4784
4986
5371
3866
5770
6053
8225
10130
2406
9725
7293
4151
4731
1284
2604
10050
4386
10264
5105
4508
6279
8577
5990
5928
4910
4526
7428
9556
9174
3763
7662
6446
3513
8824
2635
5255
6838
3482
10646
8889
5634
8235
3663
4820
3685
6642
4157
4495
4719
5035
6306
5910
4811
6877
4395
7998
7620
3871
4712
4445
5887
5827
6277
8500
4343
4449
8214
531
4033
5493
3608
5167
5451
8958
5439
1682
7335
6360
6911
5365
5802
5008
4962
3710
4214
4490
8063
1931
6767
2382
7446
2867
6541
4026
7693
6490
2088
5847
9696
2931
7377
5740
6101
6272
1280
7321
8197
7214
8080
6026
4472
5427
8636
6510
5977
5742
5172
7193
5572
7308
6247
13551
9451
3326
4111
7872
4508
3079
7217
5132
6920
5639
7893
5836
9054
4843
5285
2779
1440
7369
5791
3108
5063
5110
4960
3624
1788
5191
6455
5945
5609
10199
7049
6592
5217
7250
6467
9322
5392
5435
8408
4045
1400
4520
1733
5370
5385
5029
3058
5945
6596
5430
3680
5590
4467
7049
3727
3458
2295
4070
700
8895
5720
5976
6074
5304
5559
9950
6124
4006
10252
5619
7072
5876
5776
9066
5721
911
7644
10003
9097
7896
5327
5250
4407
5065
3484
9466
8017
5041
5946
4518
7550
8041
6752
6864
5809
2334
1405
10243
9728
9013
5183
4856
5281
6693
4909
3816
365
2079
1555
850
8135
6772
10393
7800
6724
7137
10005
1564
10257
7592
8494
5209
6651
7237
5338
1438
5280
5812
7687
4245
7588
5001
6584
4556
5470
3483
6292
6052
7386
5653
7553
8383
6337
4966
7906
4477
4382
4663
6463
9387
8250
9392
4312
6052
2815
3756
6630
3421
5865
7017
8895
6695
3568
4883
4368
845
4590
5468
7272
5045
7344
8439
6266
5494
3988
5211
5902
6746
4551
4463
4456
9461
3856
7890
6032
3724
4584
8795
6786
6058
10438
4974
6390
2541
4821
4905
5713
5117
6396
1743
4365
5300
1308
7426
6098
6450
4954
3763
6124
6589
7727
1690
5307
4028
4255
4742
7406
2394
9198
4988
9504
8407
6199
4659
5062
6735
8000
7159
4775
6649
4874
6051
8931
5911
10399
5187
6160
5105
5664
4582
4804
6375
5592
6286
4547
9844
5620
4974
4288
842
6737
7247
5885
5684
7263
7733
7553
9910
1839
6434
3994
5001
4218
3258
2873
5504
5234
5694
3751
2183
5722
7477
3053
7125
4848
7479
7607
5938
511
5677
6298
7513
4990
5699
4916
5709
2211
8033
1974
5025
3981
8930
7080
5353
5213
5393
5840
5406
4454
5655
5718
8496
5104
9713
5546
5532
4001
4100
8643
5672
2872
6349
6054
5196
6763
9320
4396
5196
5973
1770
5954
4960
9567
5062
5772
6483
5382
2220
2541
5493
4482
3483
6398
7503
6671
1841
5392
4887
9013
3935
9323
6749
4776
6893
8239
3270
8176
3998
9683
4940
6088
8482
6263
5647
3102
8448
4387
5637
3457
9170
4711
6924
4959
9813
5626
3134
1909
4566
6842
5273
4035
8099
7605
1147
1600
1398
8352
5336
11023
5441
7292
787
7669
1709
8054
1378
7415
5716
3582
6056
3884
5100
10424
274
6520
3468
4736
6539
7207
5658
6483
6871
6582
5231
6480
4744
5461
3745
7648
5859
4431
6412
2315
3375
3786
4298
4141
5090
6317
7182
6054
50
9084
1378
5541
7789
8715
8004
3263
7783
5356
4540
8360
6764
5163
7009
11559
7593
4712
3885
4792
7185
4355
8325
5053
4316
7405
5971
5722
7385
3550
4579
7170
9632
6884
7303
7343
6016
2203
6764
4468
8023
10563
8303
2834
4038
8202
8221
3804
4715
4824
6623
5368
6246
4666
8891
5693
9136
5923
9303
11020
5078
7503
7267
6620
5956
6486
2784
9342
7120
3955
2131
6830
6702
8257
7291
3105
3658
3220
6045
5300
5084
5146
5069
3184
4827
5686
524
2043
6643
8335
7407
7329
4930
4342
4850
3976
7619
3100
4842
3815
6837
9164
7685
5901
5215
4477
5802
5673
6795
6838
4868
5457
7191
4065
4363
3445
4810
2849
3686
6454
6918
5866
2321
7105
9582
7993
7124
4487
5548
5901
6257
3837
4988
8225
6691
8264
5399
6518
4804
4004
7390
5833
3564
4716
6165
9155
5555
5511
6828
7456
10638
4816
9105
8356
6048
7084
3611
7955
3408
4558
9408
6891
5209
7389
5480
6548
5244
4830
7966
6432
6902
4223
6449
9574
8448
4974
1384
3686
3196
7780
4736
5898
2867
5404
3731
9023
6942
3366
4112
1864
387
3577
4191
7058
6220
5818
1827
6217
4113
4975
1674
6387
6750
8593
1601
3054
7904
7982
9474
136
1449
7998
739
3268
7107
8596
9261
9576
4130
5240
10683
7973
2162
7349
5680
6466
5788
3708
4082
6641
5620
6418
6611
7695
5379
5650
6879
4618
5391
6766
6560
3887
1450
1027
9395
9926
6579
5293
7196
1363
6872
6747
1229
4188
7638
5187
5098
7033
2370
5758
6704
6788
6099
11177
3545
3399
6765
5494
4749
7604
4596
5080
9287
4703
3180
5962
4527
8050
7428
4474
4394
8271
3227
6223
5103
6949
4385
5886
6235
1495
6223
4545
3004
4988
6891
2619
4298
6944
4773
6384
8144
7516
7212
6185
5162
7160
7506
8659
6675
2986
6194
5095
4866
6897
4081
8342
4249
4535
7704
3747
5240
5708
5671
7076
5895
6505
8394
6965
6374
5293
8107
2371
6548
3986
4122
5740
5026
3074
8532
5071
4910
4991
4532
5490
7749
7294
605
2064
9434
7616
6373
5645
4612
3401
4223
3426
4337
6168
2238
6738
5485
6478
6179
13336
7669
4830
3551
7093
8800
3370
7005
7080
5864
6946
6961
7173
4613
5166
4616
6310
3896
5324
4213
4103
11844
6825
1120
5242
7186
3635
8073
7588
5032
9863
5372
8339
1488
379
3787
3689
3766
5229
3890
2308
6891
6477
8976
2139
11182
3144
5731
6018
5766
5540
3897
5772
7881
5222
4197
6252
6186
4789
8509
7250
6992
4156
6839
9068
4266
2890
5532
7033
8985
1593
7081
5827
9525
7342
2726
6549
5375
6763
4960
2190
4299
5975
4122
6025
6454
3474
7904
277
6771
6056
4720
6086
7451
7742
3510
8489
8919
2112
7468
6748
3433
5842
7691
7636
7616
6500
5934
4251
2285
1943
6819
4868
2067
6187
4311
5000
4148
5201
6936
4679
8892
6138
4117
7677
4741
4518
9602
3173
3166
6567
1928
6900
5929
5893
8435
5192
7211
12985
5737
4536
3799
6863
6951
6958
5183
4569
952
2318
5397
4868
6056
4416
5480
7456
5283
5007
10888
7335
7331
7551
2816
2423
3647
436
9823
5095
6271
7289
2706
6265
7381
4035
3470
5867
5994
4726
4575
2830
731
5879
6476
4798
6167
5326
7246
4283
4177
5442
3022
4793
2218
5639
7277
5610
1768
1933
9206
3308
7408
11266
6660
7122
4820
4656
3209
5162
1672
6158
6238
3530
10448
5808
7068
3703
5556
7282
5285
7637
3528
6394
9248
3737
2970
7051
2339
4371
1050
4461
3003
6626
2640
6169
2555
7121
6368
4421
3840
5072
7116
1870
6951
10588
6028
5401
5629
5616
5247
4813
1612
5045
2851
7512
7534
6141
5790
5492
4081
5312
5070
7962
5032
5112
2316
5615
5839
196
5159
5076
3890
902
7844
2644
3778
5199
4058
4965
7163
3017
3829
4491
7748
6730
6171
3657
6814
7714
7857
5213
6696
1278
3830
7634
3186
9183
4444
3517
6475
3889
6881
6618
3037
3056
2919
925
4135
4776
7031
4372
13350
6922
5181
5285
3516
5826
10182
10795
1723
1389
4751
8439
8187
1124
5356
6755
9285
6341
3327
3228
6916
6157
6866
2527
6689
5006
6288
4353
5596
1309
8605
5095
5348
5346
3769
2532
3194
3349
1066
4868
4895
2883
5557
4263
3629
6953
5290
5185
3042
8571
3383
5998
4871
3893
5501
3460
7555
2859
7232
9467
4996
6754
6065
6016
750
3318
3391
7351
9594
3570
6802
5151
4428
9325
6053
1695
9243
3783
2333
2710
9764
4559
5918
5873
6886
2955
4800
5562
5004
8376
2160
5067
2076
5893
5935
4294
9749
5745
771
10282
6560
2403
7961
8957
5442
9959
6839
5122
1621
6482
7309
5130
9265
787
2028
5240
4598
5585
4790
4854
5468
6600
7988
5061
12503
8288
8461
3348
4728
1731
6153
6225
4762
6979
4216
5742
4623
6606
638
5527
5763
6475
4964
7846
1698
6300
3015
3732
3270
4777
3196
4467
6053
4689
6790
4095
2992
6777
5257
4687
1530
3750
5597
5752
3161
5282
4189
4038
10192
4464
6178
5447
3464
4772
865
9700
6932
5645
2436
6387
5776
5151
13248
10573
4473
7905
10939
8030
4526
5741
2961
5523
4843
6951
5841
4869
4375
4972
7437
6729
2506
5322
7386
6250
5617
3671
4626
5883
615
8315
8877
4876
5839
7480
5625
5258
7682
4680
4517
659
4177
4838
1741
6191
4537
6331
8322
4559
8014
8727
3678
6008
4920
6782
8467
6391
7039
8731
4622
6564
7436
9873
5198
4646
5686
3498
8389
3707
3804
6074
4884
5479
3790
9156
7870
2995
5872
5513
4161
7420
2117
1418
2456
5711
4811
2860
5290
4780
4848
6237
4156
4754
4056
3582
6235
5512
4848
1983
4070
8356
3790
1449
4721
6115
7144
3675
4641
7354
7077
4821
3748
9439
2481
10107
6547
5989
4132
3003
6328
8417
3383
8302
4853
3944
10086
4605
2319
2129
5652
1793
7291
5465
6627
8177
2850
2816
8034
2796
7325
12904
4296
3527
6830
841
2942
4359
6615
5921
6126
5705
6358
7042
3700
7492
2326
3824
953
6763
5305
3685
4723
2025
4416
3705
5692
434
8453
5254
10601
6574
7152
3237
5657
5611
5471
11071
1687
5032
6526
4621
4578
4147
7600
7973
12129
4315
7670
3849
4936
2811
4575
7940
10735
8742
7554
5910
5513
8151
9752
3364
6226
5681
3061
4629
4903
4111
8821
1776
4215
8204
2372
6410
5403
6382
2016
3823
8388
1874
7594
5086
7809
7986
13586
4117
4351
2411
5605
8421
4477
1395
4789
4205
1576
1850
4156
4068
4400
3823
1436
4723
1789
6005
3874
5529
4120
3755
3411
6156
4194
5555
6788
6251
2047
4463
4622
1068
1129
3609
7098
5090
5072
5354
3639
5174
5398
7851
4561
1855
4331
6753
4831
8249
4830
8094
981
7398
6482
6623
4976
8591
4318
5776
9795
2591
4400
6499
5750
488
4627
5294
5754
1023
3310
8250
1380
2926
6334
5015
1313
4495
1391
6144
1971
3824
7034
4943
9337
3233
12196
1647
5912
6946
6504
6000
1339
4722
6540
5074
7244
5814
1241
1029
8016
5323
3333
4310
6194
4760
5474
8860
8531
6390
7469
4524
6309
4877
6521
6108
4910
5693
1776
3889
3632
5268
5198
4294
6447
4495
3561
4687
4793
10266
1020
8644
7759
6326
3489
5483
5260
2977
8738
2160
3295
3309
4985
5739
6592
7049
7476
2922
5018
7956
5714
1585
5510
6890
7313
4378
5165
4514
7741
3727
10277
6259
3515
4597
4457
3094
3674
1938
10598
7140
4299
8475
3463
5257
5307
9007
4154
2412
5021
6757
3820
4593
581
2863
2810
5784
4912
4388
883
3761
3161
4793
3577
4203
2335
1376
8060
4732
5902
4729
7576
5692
12998
10163
3502
9336
5781
2150
4248
3008
6501
2555
5097
7302
3493
553
626
4897
5760
5407
8161
7797
3763
4883
4237
5434
3503
6619
2989
8444
8920
9232
7830
6097
2083
3499
5030
2683
3479
5353
4100
7929
4877
5080
3141
4084
4783
8580
3523
12610
459
1088
4920
5122
4465
1132
6089
5721
4503
4390
12013
2746
9392
4737
4272
1980
4132
5503
5346
4896
839
3253
2888
7011
6032
5078
4502
17967
5511
8966
9746
9949
2906
7679
1879
3104
7770
6717
8449
5003
5090
3950
4017
5509
1891
5130
7360
6318
4576
7390
4257
2635
4395
3867
4213
7005
5524
5209
5132
3156
3163
2107
6697
11108
9986
9189
3165
34
3524
2894
6783
5308
3699
2331
3959
6138
5799
4700
4238
3265
4981
5519
3291
7817
6352
5800
2772
6946
5993
2885
4214
1610
3307
1683
3422
2710
4389
2203
8519
2847
4047
5178
6862
4803
10127
7249
2723
3155
5436
4185
6954
5205
5712
5336
8083
8102
4297
2158
3787
2493
3344
1771
3109
4412
2181
946
6832
2987
3964
10480
2293
6392
5003
4832
6325
1306
1419
5848
1624
4226
5808
1615
1742
976
1626
4681
7364
4736
5379
4890
5367
2970
6984
2814
3844
2167
4629
4360
6385
3493
5142
7133
7719
8109
5214
6267
3520
4403
2050
2540
3749
4074
6537
5355
7480
4301
3715
7115
7969
1707
6512
3303
2034
4678
3907
6103
5939
3701
2313
9151
7946
10172
1254
5333
4707
6278
7248
6399
3512
8361
6669
7390
7983
3957
939
6890
5821
2720
8002
3192
3593
8147
2534
5311
9776
1320
5209
4267
5801
1389
2881
4583
730
2848
4776
8595
3926
5314
4012
5820
6831
1897
3074
2848
3076
10063
4842
2080
10799
9345
3619
581
1532
8038
5525
9926
6356
2960
2208
3079
4262
6585
4658
11595
4024
6981
1350
3770
2868
4405
8565
10150
7045
3959
7384
9112
1774
6410
4206
3159
5692
6087
7199
652
3729
2571
8092
5097
2039
5566
3294
7973
6600
10809
3791
3762
8138
8654
9733
3352
3244
3953
3571
6814
5518
5073
2137
2958
5521
2574
7382
7441
6808
3149
6907
5192
5933
4443
2031
6641
411
2556
2739
7452
8194
3347
6464
4681
10554
391
9715
5963
3966
4289
4212
6750
3638
10003
16447
4760
6214
4022
4148
2303
6273
2168
6030
7971
8386
4243
2889
5987
4759
7378
6265
1019
935
5024
7402
5471
4659
7376
3123
1952
8741
11227
6332
5832
5231
7751
3323
4021
1700
5904
2793
2035
8788
2963
2174
5207
7702
4964
3156
9923
6493
6809
6423
2606
7536
3213
6572
9170
2299
1644
435
6393
7514
8955
6248
6024
8393
6339
9597
3443
2404
4379
4912
6909
5151
452
5789
5402
1069
8464
4248
1353
1800
2541
5191
5856
3814
2170
4269
1737
1937
8370
3140
4502
8957
1257
10724
6284
10839
3502
3373
6578
7188
1926
5794
6321
4474
6726
1580
4013
4661
7423
5206
7259
4778
1609
7160
3809
3113
3758
6387
430
1567
5671
2945
670
4966
512
4764
5629
3273
7435
1692
5343
7337
3526
6322
5757
6290
3671
6972
4136
4109
6846
5562
5613
8982
2291
7741
1944
5572
4274
6368
2329
3392
2411
4899
5703
3297
7287
3599
7040
4576
6745
2658
5190
5842
5849
4517
4493
9315
1904
11170
2996
1018
9211
1554
1616
5520
7545
9212
4922
4721
488
10105
7982
307
4384
6777
4635
3780
3949
3662
6664
4970
4339
6746
6442
5641
5401
1631
6029
5353
7930
7056
2821
4158
3776
5377
3650
2569
6075
2027
1727
5468
2525
2436
5588
5814
4963
4619
3650
7531
1122
7875
7610
5470
4616
4752
3840
5434
4628
5520
4755
6569
6762
6874
3931
2476
5857
8348
6277
6182
8343
7586
8597
4871
5670
1145
6314
6094
3067
5032
5553
2810
2577
5279
4323
8226
422
1122
8054
8044
9937
4054
4358
6831
3023
1602
2089
3907
3101
3754
4797
2853
4323
4774
3564
5236
8368
8511
3194
3974
3477
5094
6681
2099
9011
6884
3288
7096
5674
1645
1459
2868
2257
4198
7233
8211
7275
4221
2606
4571
6401
6268
2895
4589
6567
4884
8162
5805
1365
6123
2091
5975
2513
2577
7088
6914
1173
9625
5856
8534
3906
4467
3736
4029
6785
6318
1386
8954
6178
6625
4678
7363
2960
861
711
1201
6270
7772
2689
6447
8038
3934
3708
5344
7101
2869
7405
4097
5143
8751
2760
300
5446
6823
6828
1046
5180
4751
6412
7596
7569
8492
4686
6074
7794
6874
5240
2982
7153
1804
5520
13473
8047
3989
2989
4922
7713
5246
12014
9077
3092
7652
653
6086
7237
5366
9472
4534
7244
4395
3729
6661
6922
2242
6271
1042
5137
5539
5836
5406
4010
4931
8722
3735
5325
6576
6462
2854
3733
6782
962
6131
4307
4989
4927
4513
1053
2517
1760
7103
3526
4735
2436
329
1370
5940
8193
4132
6540
8728
5791
5162
13553
6265
7879
630
5516
6649
7219
6182
8483
4172
8367
1773
2122
5723
5353
2128
1503
4710
7665
5870
4651
2924
4481
9083
7476
6056
2059
2967
579
5387
3552
5341
6290
9635
8593
8202
2454
5501
1438
5279
3654
3235
9245
10215
6244
3265
5215
6673
8425
5615
4278
4484
1966
7420
6627
5265
6880
6975
4157
1501
4584
7228
2822
1555
2686
3188
5250
9419
7248
2056
5508
4497
6881
11794
9400
1631
2943
1016
1777
4838
9743
2433
2142
5388
1273
973
6482
5881
3464
5201
1999
5657
5414
3701
7101
4094
8544
3760
4523
6612
11053
1938
2993
2157
7352
975
6248
4350
6209
5314
7118
1961
607
475
2350
1554
4243
5707
13925
1993
6921
482
7658
1206
5815
4705
7288
4996
710
1247
9489
1324
6524
6973
1908
5634
7927
1898
6483
2395
9141
5671
6776
2559
5511
3160
6478
1672
7845
4071
2678
5798
5428
1083
5728
7746
3152
4018
2189
4942
4072
1655
4473
1812
6198
2264
4478
3130
4843
2823
6440
7280
4662
6175
7972
5036
2864
7217
5259
7720
4130
1484
5841
3256
4662
6778
5085
4385
7909
5820
6300
8206
5689
6809
6583
5918
4519
7818
282
3104
6458
7935
6887
4264
7622
7930
8223
5793
2912
4156
4426
9023
1175
5310
4829
8007
3946
7317
6011
6340
6582
5409
3702
3437
5759
6640
4309
2025
9729
4649
4759
7143
1879
10079
3337
8223
1725
5579
4348
8759
3139
7312
6687
6686
4428
5001
3777
6810
1719
7386
5130
3623
2558
4062
4900
5604
3646
4955
3328
6899
11519
4347
7982
1223
7218
2695
6082
6924
5776
7211
7728
4746
6550
5998
7867
2222
3223
8794
3868
5338
5663
6010
6479
4221
8876
4502
7456
5683
1282
1205
7935
6309
5525
8293
7946
4803
3596
6607
7112
1180
8920
1395
3949
4946
4152
13923
5830
11023
5644
4767
2063
5153
6551
3648
4898
4030
5847
5411
7489
6826
7330
4804
7391
1182
6684
9241
6906
5257
10264
7985
7001
3703
2393
3379
3748
4239
3673
2346
13041
6463
1978
8713
8857
3982
4866
3468
4242
4521
5123
4613
4845
1401
7141
8466
5501
7104
3926
1931
2551
7592
3661
6018
1936
7126
5532
6675
4476
1483
6824
5345
2384
5273
4677
5816
6777
1743
3420
5226
6662
7315
4547
4718
900
5471
6248
6862
1413
5838
9645
6963
5195
9534
5501
3919
2523
5999
1759
1312
5816
4272
6211
3919
7799
6122
2301
2014
7729
2900
5714
8917
4996
1255
721
1414
6430
1713
5508
5025
4735
8467
3572
1150
7008
1588
1254
3162
4631
1376
2053
3506
6302
6483
5046
733
9659
7759
1822
5432
3364
4229
3319
4315
7721
6389
1401
7256
2904
2850
3550
6945
7674
8539
4663
3420
6304
2873
3234
4659
6913
6645
8858
3869
5755
1336
4759
3954
9098
9293
7963
4636
10015
3432
5807
6404
7174
1444
7438
4800
8182
6156
6799
6108
3028
5958
5385
3163
6800
5746
7981
5024
2086
6246
8537
2880
3514
6359
4762
2169
2793
6356
2751
2307
344
4425
4823
4016
6984
2523
7025
2342
4717
3434
8827
2642
5344
6620
1980
5542
2828
7345
5722
4118
3377
5500
6137
4307
4714
4739
5364
8310
4091
4179
7415
5138
7701
5490
2111
2885
6552
3520
7253
7118
10348
7742
6814
4209
3906
3964
4363
2917
5752
5184
3517
7859
3510
5180
8458
10108
5888
5698
3617
7470
3701
5930
4084
3254
5891
10965
5989
8297
5790
1422
5707
7551
6274
6985
7076
4810
2121
3088
1891
4528
6353
6000
473
2272
4782
6758
6215
6431
5785
1883
3507
8330
7277
3795
6471
6444
1401
8005
6215
6256
8372
5802
3159
6041
6226
3633
12893
4924
7472
2156
3516
5206
5912
6740
6272
3758
5262
5950
8085
5316
3191
6877
4689
3252
1647
3266
4781
7352
1264
10768
13551
8386
5972
4144
6722
7185
7793
621
6878
8142
6965
2707
5671
9668
2628
6870
3636
3457
4566
3159
4515
6310
6894
589
1935
7048
8204
811
1714
2555
7132
6723
4645
8406
5325
12554
5451
5694
5458
3482
2577
10371
2428
11140
7313
10683
885
4887
2835
4438
6218
1214
3714
4075
7615
4001
5710
4044
5637
4878
6669
2076
7028
6444
5296
4860
5890
5349
3368
2787
7702
6502
7142
5844
3769
1977
4285
6724
3234
12712
4784
4036
4787
6491
1194
5227
5207
2398
5560
4648
2270
5333
4869
6447
3993
5600
11578
5680
320
8362
1497
9824
4690
7479
4014
7766
9330
6073
8276
6866
3342
5094
11839
4662
5437
8237
5428
6246
6298
9690
9463
9065
6485
2678
3296
2740
7948
9142
3123
5190
7797
7117
6560
6720
5547
6055
7755
4483
7882
5815
5441
10250
4754
1295
868
4598
1717
3665
5864
3828
6270
4296
4071
469
4119
7023
8189
1618
4886
1759
5036
4400
7526
5717
360
7290
5429
13137
5149
7531
3761
5215
3566
3404
4870
5416
4594
3909
1297
5831
1231
2053
5714
5482
509
7253
2530
6508
6305
5544
4262
5942
5864
10543
5231
4914
3914
4640
613
2192
5234
1184
3627
7084
4866
5506
3443
8325
5697
6377
624
5966
2194
7766
4992
2826
3111
7194
5490
1230
5181
1865
2956
4396
5856
5965
10152
599
4097
8363
1706
3935
7426
5759
6160
5073
3869
4435
5623
5249
5650
7204
5371
4730
9173
6230
3930
3665
3144
3985
5881
698
4039
5856
7284
8207
818
2801
8786
2053
5044
4979
6380
6454
4595
4336
1521
1312
3547
5887
6364
6165
5351
5524
8909
104
4616
11426
7368
4112
1734
3473
4984
5721
7640
2724
5120
2190
6719
3323
2982
2399
5309
6394
4079
5236
5563
4684
6555
2849
2343
2165
5986
4010
4271
5207
5056
2797
3970
3089
4080
12987
8388
3081
3590
4817
347
4825
10480
4110
9720
5226
3474
8094
2177
5032
4706
8544
3496
3104
4463
1869
8047
1974
3339
5910
5393
5329
3192
3949
2891
5198
6920
4542
1262
3398
6961
2223
1577
2393
3076
5798
5203
4899
6855
5817
5989
2960
5130
6405
9633
7108
4729
5234
5332
2092
2864
3825
9554
11265
4477
8079
4183
6474
5901
2603
3829
5637
1274
9392
6235
4671
4436
5763
4482
7683
5869
2993
6241
10338
6074
6716
584
5597
4767
5457
6221
2244
2009
3670
4157
2787
3725
5411
1446
3645
7783
6948
2888
1220
5080
3281
2352
665
5257
6247
680
926
3628
6443
4243
1728
6212
11267
6551
6528
10906
5140
6568
8130
8018
1283
961
1285
3045
5874
4771
5901
4817
6643
1346
4731
5417
4926
3483
719
5133
2198
1944
1125
1969
2226
7486
4222
5759
7171
289
6975
3236
5825
9081
1058
2591
5558
8209
1950
4703
12697
1993
1740
4386
1838
6353
5808
2484
2739
12733
843
4561
3882
5791
3978
1285
1241
6630
6084
4830
1351
6839
1810
8090
6474
1629
4967
4959
5971
7139
954
4889
6735
6102
4470
5691
4192
3269
2411
7036
4922
3209
4567
6071
5381
3265
3888
4402
4213
7139
4711
8368
2324
4316
8903
4034
5743
1687
2961
2717
4659
1890
2712
3691
9703
1391
4450
2764
6660
4977
2424
1516
5847
3018
4862
5011
2583
8093
6732
11730
553
5925
4571
5210
2104
6077
1301
4467
1612
1984
5079
3152
8425
3169
3889
4034
4641
6467
4559
6602
5457
4191
3565
6777
6478
5273
2437
5441
3823
4926
5212
2619
7301
7934
7967
3939
3218
5914
3346
6185
6808
4263
6460
4094
4022
4650
4806
1813
5025
2580
1138
5061
3692
561
1255
5336
4827
5441
5752
2704
548
5548
4651
1513
3718
764
4804
4503
6724
2126
3555
8210
3140
2916
7050
791
4559
532
7435
5322
1690
4517
4352
11196
2063
2749
8701
6717
3593
2943
537
5095
4772
2047
655
6691
3752
7307
2410
3965
409
1285
6915
2213
6729
7311
5645
2231
8165
708
4345
2889
4912
5597
6018
4051
5527
1633
5429
459
4375
1809
6450
2964
2341
5869
1098
3661
5453
8065
2747
3016
6121
4080
2361
3147
626
4320
1620
4877
8007
5509
3251
5880
6755
6005
2527
4076
8754
8680
6490
4639
4848
3417
8199
3783
2414
858
3025
9645
4889
6110
4317
1755
2008
6397
1255
7873
549
1938
3211
2766
2430
3463
5395
6780
890
5513
5307
8345
7372
3941
5324
3678
7105
2501
2389
4952
6662
5732
4801
7166
1798
4016
1205
7239
5748
6014
6363
4847
3396
4078
7338
3908
4947
6041
5383
6017
1140
3551
6633
7258
6003
3159
5527
1264
846
1355
5310
5050
341
4305
6552
7420
5599
1874
11499
2418
1845
2276
4558
1934
4392
4655
5316
531
2617
9740
4729
4488
5697
4888
5070
1820
7381
1666
5310
6634
6434
3346
6077
1630
3386
1890
4869
2163
3431
5542
3566
3848
5577
2436
10766
4938
5618
1516
6481
8002
4873
7986
3736
7109
3617
8404
3358
5831
899
3867
3275
7795
6458
8121
3316
9639
3332
4888
4524
7858
3918
6839
3102
4205
960
6664
4639
2452
6729
3103
4733
9134
1172
6026
3863
4620
2442
7337
2267
6408
2420
9235
3128
6054
3347
6487
6619
2798
6707
5286
6919
5017
11004
5234
7240
4942
2974
6420
9425
7825
8118
7615
8315
1025
6562
1659
4555
1913
5523
3716
8972
2998
2534
5241
1345
6160
3529
10013
856
7206
973
4767
4455
2407
273
3964
5793
2570
7969
11799
4685
9676
5829
6089
5974
6159
3742
2400
1837
1336
7297
7248
3981
1856
9017
1705
3114
1663
10075
5803
5163
6679
6337
6530
9434
3897
6079
6025
4187
6149
8557
3876
5799
4380
5872
5103
1772
8143
6180
6955
11992
3121
7683
4555
864
4047
722
4649
1759
859
4943
5950
4291
5719
6289
5114
5764
5826
4975
7658
10036
3310
7340
626
11032
6433
5361
8245
594
7574
5840
759
6406
4921
7261
4779
9465
7257
9802
8328
6315
5457
1232
8406
7887
5101
2495
5759
9208
7800
4930
5259
5097
5105
3492
1761
3516
834
4181
4347
5831
5525
5774
4505
3458
6165
3472
5451
3949
6791
5660
3944
8107
9831
366
7053
5413
7130
7304
5692
5294
570
4868
10346
7689
7157
2038
10613
9946
2190
884
3538
6809
4859
2683
4845
4717
5852
4316
3698
3602
4538
7586
3362
4913
3466
1917
2313
8834
5997
6382
3586
3363
7314
5746
12942
4803
6962
8107
9093
5018
8615
7867
4353
9422
3633
5058
1159
2526
8751
983
8104
2079
5199
11571
5672
8347
7830
4562
8284
6785
2700
945
3793
4407
2380
3595
9509
5598
8967
4800
6766
2611
1435
1458
5927
5771
6585
1933
2162
4028
6315
9668
7573
4348
5266
1254
1565
3547
4707
9463
8031
6982
4614
3166
2683
5355
5289
6658
4234
4647
7543
6898
7157
6560
8829
10565
12668
2006
1275
4005
8930
8617
7290
5969
2512
2848
5424
460
5581
8273
8408
8448
6810
8169
10205
5929
1037
6133
3354
2522
3139
5201
3552
5033
6989
1225
5490
6146
7937
339
1536
1029
6239
3213
1916
8174
2251
10440
7608
10717
1340
6108
5563
1861
6700
8257
8098
8555
1187
4262
2934
7000
7901
4619
4568
5665
4585
6320
5145
8660
8033
8862
5398
5296
2948
11297
4917
5063
6180
4039
5818
2710
4082
547
7033
4237
6853
1175
7426
6534
6379
4963
1731
2748
5976
2893
4775
1260
1196
13162
6439
5387
4225
7441
4201
7161
7718
7809
9050
3256
6745
6638
1081
1525
4384
9873
8284
5454
1017
6236
6362
2112
8200
7015
6564
5421
1525
4143
8223
7611
5002
1467
2274
8512
8442
4476
5113
10488
4980
5590
6212
5342
7381
3156
6017
6184
9777
3758
4266
2821
7363
6628
3889
6494
2382
3213
3597
4770
6625
7256
4958
6615
7618
1616
5378
2395
8106
9010
8077
3773
8463
7462
5648
2492
4575
3692
6921
3773
8799
5620
7044
9409
5254
1189
6342
6424
7931
3387
3108
5391
6172
1325
6845
1898
4520
2354
7641
6160
2920
8834
7117
2134
2201
8018
5889
5156
5457
6132
6755
7194
5137
1053
2789
5666
4980
4086
5395
4509
3175
4630
7298
3504
6168
3797
669
6087
1611
4183
5065
3757
8211
9188
3659
9925
5865
861
1303
8852
6025
1528
4357
7116
5877
6030
9706
2835
1193
7887
5625
5450
3817
2090
4176
6649
6278
1708
8691
7189
5532
4328
9497
7066
1535
7718
5632
6329
4318
5321
8451
4906
6278
1485
4387
5413
8274
6963
9915
6620
1098
1905
7469
5034
6104
4632
4457
3822
5360
1100
6452
7327
5495
7973
1998
3588
10139
6249
3816
5356
2506
6634
5403
7872
7941
2945
2539
5359
9022
5302
5943
8008
8678
7958
8458
4308
2833
7768
6356
6445
5388
5471
5174
5975
4583
5272
7411
7079
5390
5087
8002
5470
5936
3277
4334
4429
7796
3931
2362
8510
3962
676
4212
8842
5340
8223
1691
3197
7868
5960
5876
2897
6062
2038
6139
6503
7248
5212
8258
7737
5785
5425
2919
607
2823
8374
6787
6293
4017
1033
5122
5710
6911
4408
3547
6235
6190
10484
5492
7576
3039
6552
5114
8924
10435
3575
5617
5743
4389
1154
1731
5481
7868
5344
3980
4722
7261
2379
7258
2931
10490
7982
3038
3451
5365
2300
3938
6475
4363
6638
5400
5635
940
557
3019
5923
2753
5582
2420
5609
2793
3884
5014
3906
3040
7862
5353
5653
2845
3316
7054
5841
3591
4166
7532
5034
3457
2728
2191
6994
3844
4370
5293
4695
3715
6129
5733
6009
4639
3246
4695
1930
2346
4067
8117
4322
1159
4953
4101
6155
5340
2683
6168
5811
5658
8480
6500
4666
5378
5236
9599
3199
5159
5463
8345
5195
6013
2937
1374
8568
3773
5439
9006
6534
4804
5341
6040
8100
7481
7652
5967
9529
4862
4814
1693
5897
7695
6356
3781
6976
3436
4786
3967
4814
5693
290
5171
6104
5301
1419
4836
6222
4059
3950
2216
2930
5272
6294
3983
8753
7878
2808
4626
4336
6698
3897
4285
411
4622
6766
3834
7678
5403
1497
5375
6212
4195
6619
4646
4197
5089
5344
3232
5220
2101
4801
4808
5532
5100
1461
887
6002
6973
6597
8485
3827
3894
3909
3132
10754
5007
3637
5106
7428
5951
3850
6483
2009
4890
6730
6406
5668
5845
5745
4496
4559
4940
8325
5471
3578
3614
5090
4844
5452
2815
5922
5446
6191
8405
2723
4521
511
7454
5844
6359
7664
4237
5328
4035
3045
5071
4583
9484
6004
6460
6498
1194
4704
3935
1973
4930
8484
8458
7330
8222
7016
6557
4750
8039
7610
2751
3041
7120
4415
1537
1190
619
2212
3795
5405
7967
5234
4215
498
5426
5477
1366
2654
4130
7752
6057
3888
2656
9303
4980
5540
6714
414
4814
8613
3756
3404
7419
4868
6585
3550
3094
3442
5403
8771
3215
7006
8346
4243
3919
1138
520
7554
6106
5061
4302
7447
1705
7250
8188
3987
4506
7546
3919
3770
7916
7202
2439
6514
7445
6070
1926
3103
9136
10173
3793
2905
5209
2592
8725
3142
2586
5286
4263
4976
4250
2918
5748
9404
3493
6868
3822
5891
4349
4281
5053
2667
1702
3912
3491
6841
6159
6887
5121
5258
7710
5941
5545
9601
3254
5727
1260
4104
5977
7776
5892
5212
5630
4725
6126
7085
8223
4278
2016
1955
2552
3710
4976
7158
6962
816
5011
4499
4646
7754
1265
5037
5772
5793
6081
8253
7087
5097
1762
5830
6867
1881
3646
654
8509
3986
2693
3245
6685
5758
7515
3819
6941
5608
2493
4224
7056
4896
6224
6005
7972
3015
2797
6068
5186
2810
2556
3704
7170
5676
5716
7766
3127
2258
5060
4338
5473
4011
4449
3267
4022
5294
7584
4833
3797
6522
8324
5720
7889
3434
757
5492
6098
7614
6078
7820
3944
5283
3943
6688
2764
4286
5215
2955
4819
5958
4836
705
5191
5387
5463
5979
5041
846
3563
2763
2235
4869
4929
6516
2747
2681
5528
3470
3279
2316
2389
2134
5053
4178
7514
3808
5644
6013
5666
6644
4572
8078
7994
5854
7974
7030
6184
1946
2650
6334
7459
4606
1526
6323
2045
3871
5492
3882
6505
8161
3929
4990
6323
4204
2153
2047
6638
7961
5861
6602
6803
6084
4409
3247
8034
1870
2424
7116
4756
2889
7805
9434
4921
6263
2610
4926
5638
1993
3600
3268
6153
5567
5857
3321
8485
4153
5920
1297
5482
1315
6029
2399
9595
6238
7646
4395
2657
3747
4605
2400
7346
7826
4329
2718
6090
1979
3151
6707
4629
7663
3986
4922
2841
3411
4668
6150
3330
1988
3054
4406
5663
3289
3711
5394
7309
3402
3775
6082
1348
5030
2616
6842
4084
3450
2208
4944
3466
1462
1736
3850
5204
3252
3966
5194
867
3721
6413
4371
1308
8021
2668
6977
6132
3955
6118
2439
4198
3878
5523
3515
10134
4500
6799
3768
6645
8113
6481
7493
6631
1610
2624
5521
5562
5712
2256
4665
2531
8107
2459
8328
2620
7394
5745
3552
3497
2534
6429
1434
4159
5417
4091
3603
1784
1341
3409
6329
6372
1696
4963
8435
1927
3972
3848
5487
3383
3641
6575
1160
7094
2802
4376
2351
5958
5609
4030
1201
4044
11729
9025
3616
542
711
903
6101
9498
4050
4269
6321
4972
4772
4814
3389
5075
9654
7406
1478
3874
6835
4033
4149
4952
3979
4399
2660
4019
4200
3350
4643
2680
2837
4877
6890
3295
4908
6091
5957
4142
2527
4591
4727
5782
5191
3571
2502
5201
2926
4198
5782
7008
4621
6313
6795
4624
918
7176
3247
5271
4026
2274
1479
7021
4708
1020
4600
7951
7039
3804
6121
1257
3703
4391
6194
10681
5543
4651
3586
1691
3514
3577
3224
3452
2180
3261
6136
3516
7973
1126
2341
6884
7491
2809
4875
6884
3326
4857
5847
5151
7434
4972
4995
8676
4850
4765
3807
1253
2953
6039
2965
6070
2739
1380
5524
1433
1533
438
1891
6810
4135
5869
4390
6835
5386
5929
355
5486
6076
6172
6135
479
5730
7165
5193
5862
7094
5722
4065
5530
1938
3496
4067
3546
4206
4941
9345
6817
3622
3602
6243
1125
4619
6885
4189
6030
2737
3014
5966
5774
5409
4648
5012
7733
4426
3850
731
329
4053
3697
4330
5834
8009
7523
6152
6675
6045
2894
1912
2632
3025
4444
1749
1777
1222
4681
7425
1458
4661
6253
2885
4877
4809
7084
8950
7253
4748
1683
4529
6554
5682
7021
2408
3206
6205
4967
4496
3454
5626
1180
7520
4744
5176
10016
8200
8173
5541
4751
3182
2796
3556
4744
5000
7914
5415
3087
6042
4286
6895
5349
6111
4623
6020
6584
7815
7858
6855
2498
6396
3436
6078
2558
2873
5371
8006
4894
7758
14240
6292
5812
7172
5246
1412
6869
4360
8175
2289
1166
13928
2975
6032
8787
2969
5904
5724
8733
5055
4821
5340
13057
3789
5902
6489
4802
4949
1566
4142
5552
3236
3639
1424
4225
4578
2280
4743
1304
4899
4693
1215
3892
4123
4698
6102
3676
6362
4201
3279
4941
4186
2837
4426
4214
2457
2862
5662
2651
278
4259
4620
4025
8161
8873
1336
349
1716
4730
5367
5552
8459
6419
3843
3008
3627
1391
2993
7206
5223
3174
5300
6237
4925
5971
4074
1197
900
5490
6434
11281
7114
1212
2073
6029
946
6519
4725
3637
3216
3085
2586
4772
2631
5038
1133
3546
8216
4685
1430
5692
2523
3569
4553
5575
953
4815
5945
5121
1274
6419
2717
5740
6136
938
5369
6649
414
3321
5922
1980
7122
6690
1307
5105
1106
6622
2498
4803
6942
5020
6290
4331
1133
4419
5182
3960
787
856
3846
1193
7855
3935
2699
7349
5467
6171
2525
6297
3920
2339
3760
3223
2257
2006
4696
2379
7357
6051
2084
467
4705
7703
3253
7357
3191
5493
4075
6644
4885
4209
5088
6041
4819
3437
7898
3100
3604
4935
2304
7477
4944
5530
5551
4695
2729
2220
7636
5927
4112
3065
4104
5153
8352
5213
1769
5188
5420
7930
7702
4513
5006
746
823
1837
2703
2329
1277
4702
2757
8378
8450
1210
922
1277
5262
4933
2744
931
4613
7412
1548
4781
4231
6674
7323
9807
6632
5194
4822
1987
7772
3839
833
4355
5216
5684
3263
4065
3077
4772
4717
2943
3174
1809
5157
5521
6179
444
5001
2350
6924
2547
2196
2273
4777
4673
4158
3623
4249
4894
6724
1080
4706
1370
5866
1569
5762
3696
7821
4224
4780
1093
4546
2114
3956
5591
3203
4275
3861
1281
4091
4453
4827
7214
3118
2661
3669
5872
4986
5387
4681
268
4357
3941
4143
2827
471
905
7985
2091
3087
12670
6575
5235
7895
5307
6615
6083
8154
5205
6432
2524
1507
1246
6631
2271
7965
6908
1294
4163
6614
4954
6940
1474
5332
3443
6030
5360
767
6821
1928
6759
7016
3032
1187
3258
6015
5366
4804
9819
2913
6788
4453
4585
4290
5040
4716
4733
4697
6171
5679
3035
1835
7942
4745
4302
4827
4354
8232
4090
5565
7370
988
1822
1881
3936
2041
4058
2214
7273
1108
1242
6311
7133
1594
3430
4659
5526
2872
3816
6359
4363
2989
11707
2374
6078
4797
3907
3691
5531
3297
3497
4123
4278
2272
5797
2083
5813
5251
2714
5883
5936
2348
812
2324
3643
4118
7797
6942
1155
4222
2614
1182
4916
6374
5370
3684
2310
4631
12152
5111
1138
5722
5006
3524
1313
3117
4616
1055
6998
3569
8796
7461
4322
1236
3361
2784
3685
2632
6074
4620
7258
4134
5695
6576
3720
6828
6306
4085
3827
2695
2844
3648
3235
3314
6785
3610
6984
2722
4999
4473
4774
6186
1460
5401
2772
3925
4771
3077
3119
4329
1953
4638
6282
3219
7436
5748
3446
1621
4837
1451
11376
3448
5239
1337
5497
4570
5113
3741
7368
5447
4024
2416
3875
4172
6865
4041
5263
5315
4717
7517
4905
8282
4076
2513
5287
11331
6682
6179
5681
4237
3458
4708
5988
4419
5079
1760
4724
5102
3263
5124
5260
7382
1700
4934
3386
5601
5365
5205
5068
4033
3300
1627
5411
2419
11232
4593
3442
4852
5212
5989
5760
3039
2723
5022
1281
5261
2075
7285
3162
6874
2664
5863
2849
3090
3288
2729
4450
3077
3052
5695
2818
4547
3577
4571
4425
4337
3298
3833
6177
6764
6163
4990
4663
4019
6073
3052
1038
5692
5796
4604
6643
3884
2231
1573
3405
1232
6356
7303
2812
6481
5501
2851
4809
4257
4032
10845
3350
4946
1801
3877
6098
1881
2446
1773
2321
5508
4502
5656
3717
6083
3805
4211
6337
5678
2485
5299
3526
4803
1726
2996
5573
4117
4276
10792
5737
2486
4635
6572
5635
2020
1391
4365
5413
3569
6129
6939
6127
4163
2486
6314
3957
4317
2873
5185
5476
5632
3324
5719
5844
2735
4329
7347
2942
3561
3135
5733
1831
4979
3957
5204
6381
5263
3570
5443
3691
5192
4200
2105
1875
4520
3450
2292
4728
5501
1134
10803
266
4540
5684
5974
2403
4942
7833
2135
5299
5184
1906
4196
5080
3738
749
761
3885
3674
6389
952
5666
10994
5202
4169
3326
4367
3276
3602
2438
2279
5182
689
3907
6068
1383
2876
4104
3920
3212
5321
898
4937
5219
4676
5801
5410
2241
1347
2515
5723
3313
4631
1224
7466
4602
6624
3927
1385
4471
2442
4319
4735
5308
4740
10172
5225
5008
1163
4429
3731
7686
4269
5384
4043
10021
4226
5357
4799
5134
3177
1824
6186
3023
4719
3769
2339
3301
5026
4950
2788
4757
1071
5343
2720
4753
2514
5850
7215
5141
4816
7247
5097
4083
4646
7429
2938
4441
4358
2076
2161
2018
5037
1453
10439
4497
912
1958
2477
4262
4532
3375
261
4338
606
4133
229
6088
5580
4102
6456
3737
5105
5122
6758
4392
1631
1948
4882
2762
4826
8419
2607
4515
2588
3688
2052
1370
1732
2479
2315
755
3440
5309
3186
2515
3558
6493
4045
5597
9848
3459
1573
5613
5449
3409
5624
5258
3376
1939
4750
4991
4656
6030
4544
7246
5402
2392
7192
4520
4448
3493
2293
2863
1549
6821
3628
4262
4859
6759
4936
2616
4603
4151
3415
3329
4017
3634
5427
4653
3038
3978
8400
10666
2132
4306
3367
9637
3718
5672
4450
4732
3299
5711
4376
3169
3501
4764
1073
4680
1299
3701
468
2304
4221
4443
4668
2507
6179
4765
1787
5944
4100
3225
9821
2283
3716
9481
6761
4366
2288
2001
3691
4181
1670
4243
10163
512
6659
2835
2348
5262
1632
1467
7026
3863
1633
9462
2095
3691
2290
6306
3154
1469
2194
7442
4372
1692
1943
6379
6117
2996
3370
2152
5870
1070
2915
3405
2687
4398
1837
1486
2394
3804
9356
2290
1276
3368
9046
5330
6033
2787
5927
6638
2427
1138
3900
2158
4809
4320
2719
5445
4511
4238
4184
5311
2369
3431
4687
1668
2538
9294
4638
4670
4202
2091
806
8921
4583
8888
5891
3502
3698
1521
3935
6001
2214
3730
6368
5526
2908
8858
3259
2211
940
9081
1114
3047
8982
3192
8744
6060
6180
3826
3374
8839
4688
4344
2818
1341
3317
2450
8823
2662
4800
4937
1598
8866
728
3070
8543
8659
4573
4474
5241
2896
2043
5971
8488
836
2666
2515
3608
3022
4758
4693
10278
2575
3479
9195
8281
8661
8505
4525
2774
5352
4096
609
5212
5079
8426
778
2479
1315
8477
4396
5025
8257
8693
8497
8519
8346
2358
2204
3256
1768
2980
6779
2961
3999
2514
315
3111
8821
11121
632
3385
3246
1668
8442
2280
2988
4177
6294
4204
2562
1016
3896
2211
2817
790
4023
2718
2086
3916
7934
896
8352
8086
4625
2382
3480
7917
9273
4987
3440
8183
8015
8125
4906
7748
8094
3769
1152
7858
2850
7850
3255
2711
7758
1917
3885
1245
3913
7012
7450
4032
7892
2740
523
4273
3783
3804
7172
7239
7403
7357
7350
7185
1433
3266
1113
8018
2647
7334
6811
7313
7068
2761
2880
984
7209
3461
7337
4119
6954
6429
7047
7015
6933
6961
5051
6999
641
5506
2186
5321
6010
7223
6760
3445
7025
6901
7004
6717
436
1482
4115
722
6710
790
6651
1042
6613
4001
1807
5014
3562
11187
6588
6615
4718
7043
2485
6682
6722
6487
5189
2561
2076
6608
4807
6954
5747
6466
6546
6434
6391
6446
2960
4847
6277
6644
6351
3433
6283
6379
2855
4169
6328
6155
6170
6347
6329
6250
6118
2276
6204
6346
6093
5481
6285
2235
3315
1033
6080
6275
2258
4845
2730
6077
5824
6509
6113
6091
3548
6128
5283
4231
4240
1613
5984
5886
5972
5866
5860
6018
517
3065
5898
5907
2513
4176
4198
6097
5896
5662
5854
3702
5766
4029
5532
2730
4318
2732
5706
5660
5530
5649
2387
5618
5591
5034
5584
5539
2998
5500
1585
5472
5503
5372
3824
1275
5346
6047
4027
2969
5862
3144
5640
5663
1753
5222
5312
2153
5114
3733
5335
5092
5131
5102
3806
5058
5282
4977
726
4898
2804
5034
5064
1736
2861
4853
4587
5316
5081
1097
4931
5069
4861
930
4940
4918
4898
3747
623
2323
4872
2181
4808
4460
947
3839
4835
3909
4833
4071
1571
4593
4576
2191
4597
3683
4709
1338
1896
4517
4586
4275
2480
4364
3481
4311
4198
3304
4308
2400
4236
4226
4172
4310
3925
732
4271
4087
3517
3977
4048
4096
4182
3957
4118
3985
4045
4045
897
3775
4584
2063
3922
1718
230
2239
3743
3795
2438
3809
3641
3552
3603
3549
3412
3412
3538
3439
3355
1496
3124
3388
3367
3404
3508
5421
3058
2666
3150
3470
3119
3360
5456
3066
1926
3059
334
3040
2980
3307
2170
3145
3026
2800
2678
527
3888
3671
1737
2354
2259
2113
2383
2124
7876
2191
2140
2181
1993
1818
1533
1862
1757
1193
1428
1298
1412
915
682
