9426
7749
2114
5362
10226
9624
5645
451
5672
9775
8318
9540
9722
9641
11076
4448
1519
3355
6898
8710
8014
6228
3699
8062
7364
6840
1489
1063
3848
8538
9660
6971
10220
6905
5257
8127
12795
8665
490
7045
2616
678
5728
10374
4310
6389
3573
6951
4928
6014
12753
7804
10323
6696
4102
1969
1726
2646
5643
1952
8347
3527
9160
8691
3164
3236
8276
4865
511
3598
4711
2911
5528
4545
5989
4211
3095
10887
6370
1359
590
7247
6153
5059
8529
4605
3417
1949
3736
5696
4402
5650
5483
6741
12248
10845
3446
7324
4793
8521
5542
5580
4528
5292
353
13650
12923
5255
1294
13055
6383
4624
6703
8663
7441
8634
15230
3338
10478
7695
9903
15762
14519
13376
9172
1006
6806
4179
10267
3443
7748
12871
13680
9186
13495
11972
3245
11633
537
6751
11007
6559
759
2365
10627
8713
11157
13316
10390
11068
5022
12030
13055
6861
9911
11046
10539
8401
13150
9458
11474
10975
9815
7081
10456
6769
5448
5757
10231
11879
9521
9356
9574
9438
12130
12438
6740
12999
9673
9684
12671
9121
12422
9252
5386
5894
7556
12560
11522
8459
9974
9532
10219
9308
9267
9798
9435
9842
9965
5494
2242
6408
6384
9096
9505
5596
9692
6335
9972
5273
9057
9041
6806
576
9289
10209
9176
1974
5227
8149
11718
10283
8925
11274
10061
6005
8321
4115
10252
9123
7705
7957
7163
4694
11313
10521
10239
2076
12373
10753
7863
7272
4718
11908
8597
5688
10412
10711
9947
9619
10839
12550
8728
4260
3847
8714
9251
7914
7517
8167
6185
8940
8631
7951
9625
12067
10779
4803
9480
7934
10823
292
8414
11642
9150
11358
5952
5660
9490
9656
4502
5642
7648
8235
8339
7993
7218
8618
14602
8139
9974
7920
8020
8563
8923
9193
8412
9606
10605
8116
8522
9154
7890
8095
9645
2205
8449
6934
5486
7687
5067
7373
7637
12242
8846
8894
7610
9808
1542
2749
10199
8318
7739
331
6994
5608
6547
8067
10095
8946
9698
9770
6737
7369
7880
8632
6910
8429
8096
8766
7649
7913
7057
7100
7354
7083
9753
6253
7691
7203
6083
8604
9459
11948
8177
9429
6928
8495
6537
9790
7010
7352
6315
12018
7663
6798
9370
7447
7135
6536
7488
8891
7191
5740
6245
8344
8700
8792
6891
7673
9344
7723
7075
9681
6816
6213
6826
7411
7499
5833
9934
7974
7829
8121
3472
7812
4724
660
9522
11936
7392
6142
8268
10122
4607
6746
8139
7244
6489
5818
6561
7221
9174
6078
8273
8133
7016
10926
6595
7257
10049
8109
9680
6568
9576
9771
3132
9016
6167
5040
4985
3705
9081
6810
7801
7815
6838
8058
5163
6290
8476
7143
7977
6967
9759
7767
7113
7005
6451
7094
10249
7343
8171
6239
7208
7151
9370
10270
9356
7560
8922
5797
6378
6576
6749
2769
9005
6318
6312
6988
10014
372
11615
8783
7642
7834
8798
6942
8640
6262
7436
7946
7093
4156
6138
7799
6026
4599
4795
8418
6826
7243
7483
7710
8843
9108
7627
8593
1132
9305
8218
5694
6801
7808
8152
7011
6594
5481
4757
6676
5855
7171
5452
8463
5782
7049
6681
6851
8493
8642
6202
7425
7945
8135
6147
6521
5621
7461
5974
9873
4789
10980
7708
7626
3157
7833
5833
5737
11345
4255
5776
5104
6129
6402
6060
7017
8405
8588
4696
7858
5350
7895
6040
10986
4165
6733
5101
11165
6550
6742
6998
6067
8708
9913
9202
5654
7474
6756
5714
8499
8222
8342
8200
8427
9143
9420
7674
7998
6785
6562
5323
10447
8001
1899
5924
8028
6626
9290
9635
6585
6561
7403
6093
7605
8619
7435
6462
7487
7575
6732
6966
7137
6933
10290
6412
5658
7382
9947
8538
5874
8595
8122
6570
6582
7383
6213
9201
7789
7763
5085
5915
5729
7921
5539
5670
6594
6203
6079
6185
7247
7215
11654
8705
8757
7269
4362
5447
7005
5687
8556
5591
5131
5235
5744
8588
8612
7808
11064
6445
7669
8011
6726
8304
4841
11078
5109
685
9373
9073
6335
5016
5993
2982
7095
4980
6440
10106
6653
7605
4834
3431
4983
6968
3770
6088
5431
7836
8118
6040
6462
8477
5281
5010
7441
4203
5949
6978
7045
4411
2606
7758
8187
6501
5934
4578
8305
7152
7232
6158
6972
5120
7150
5976
4751
9046
5417
4688
5922
5593
6403
4703
4625
5669
8465
4855
605
5046
8403
6210
1028
4922
9267
4860
4553
4936
7462
4696
7023
6455
5406
4648
6768
5752
7368
5439
8026
9056
4754
4150
6594
7058
6922
2980
3865
8001
9734
6787
8277
6149
5884
5295
6530
7651
6978
8866
6556
5631
7055
6978
5640
5777
5104
4796
5486
5354
5233
6222
3857
4300
9421
305
4579
5475
6172
6497
7706
4994
6744
11274
9493
4274
6468
6376
4793
5109
4878
4414
8913
8441
8014
5470
6011
3093
7066
5971
5324
6075
6527
7370
6342
6265
6397
4561
7387
7439
5884
6734
6187
4724
7939
6063
5114
633
4445
6118
5920
5920
6223
7680
2837
6112
6271
5287
4455
5773
4735
7916
4704
7273
5998
5972
9316
6406
7135
4374
4804
7256
8480
7755
6883
6448
8838
5257
7513
6067
8466
7028
3665
4711
4459
6270
5027
5241
1364
6740
7793
5699
6079
4475
6127
8329
4173
5477
6915
4972
2257
5237
6278
6588
6217
6451
5158
2722
6332
5373
5871
4568
5218
4344
10044
3328
3602
7831
6499
5766
7809
5452
3860
9204
8301
4308
3957
7414
4107
4389
5669
8536
6498
4706
6999
4362
5847
4802
5906
5707
1563
4925
6311
4828
6138
5041
6166
3179
6030
7376
5616
5951
5552
4138
6005
4452
4028
5114
5010
6393
5287
5769
6896
4201
5993
4342
3881
5006
4466
7537
6588
4107
3767
7676
7390
4065
6487
7444
6243
2801
6803
6645
5396
5143
3816
5314
3297
5101
6588
1816
3784
7225
9762
5591
4823
6508
4449
3652
8018
4138
5600
3863
5062
4897
3753
6462
6311
6010
4286
5210
968
4584
6779
2293
3873
4485
5823
4994
3743
5695
8502
7057
4555
6410
4268
3859
6410
5544
7914
6770
4620
4198
7903
5207
1059
7000
2802
6229
5086
4801
5731
5091
4789
3663
5065
4290
5420
5075
4837
4866
2903
5605
5065
5005
5248
4753
4157
3412
5229
5726
6804
4352
7571
6500
7761
2518
7015
3262
5219
3723
6013
8005
5046
3474
437
7767
4633
7917
5456
3680
2415
4932
5194
6380
8180
5488
2298
4991
3327
10165
4653
5168
2265
3195
1251
7762
6660
2235
5895
4210
3021
6382
4528
7278
5121
4517
3920
3668
3448
4967
5403
4992
4800
7116
3098
5988
6330
6080
5012
3917
4071
3504
4488
3774
5167
4668
4382
2458
5005
6236
3160
2857
3564
4565
5798
4328
4318
3585
5230
5662
4601
1893
4584
5770
5836
7553
4806
4393
8656
4704
4163
3562
7692
7545
4548
7052
5085
5759
4024
5059
4836
4772
6352
4577
4885
3270
4599
4772
4406
5780
6647
3717
5137
4609
6660
4516
2185
1835
3752
3508
3783
2521
4091
4490
2228
6733
7499
4074
5928
4620
6356
2026
4913
4484
2274
4022
5944
4057
5480
6108
3123
6578
3777
804
5065
3938
4736
4160
3045
6920
5074
3748
6244
1206
5355
4950
3793
6904
5021
2881
5912
6393
3981
977
5380
5607
5947
3072
4876
4000
4001
4264
6244
3124
4645
1665
4023
3957
5789
4392
572
5673
6716
4924
3946
4178
5538
6640
5887
7637
4415
9534
1117
2429
2816
4379
6769
4649
11105
6309
6562
4585
3456
8322
4979
6947
5755
5774
4097
7119
2459
5826
6678
7447
3007
5493
6804
5409
10389
4698
5618
5325
3862
4184
1444
4850
7834
7618
1674
3946
7736
6074
3615
2233
5058
6220
8590
5794
5703
6440
6483
5423
3519
11396
4994
2785
3362
3867
5761
4024
2507
6264
4639
1147
6608
4677
395
6135
1471
6471
5133
4009
10623
5751
7076
4275
7117
5774
6196
5256
4129
4096
3951
13487
5283
2697
2400
5707
4010
4429
3939
1570
8570
4891
4382
3316
3212
5145
5458
1791
3248
1249
2347
7373
3803
1641
4588
3856
3187
542
8156
3302
2924
8364
6425
7247
4645
3279
6663
2451
3431
3642
5820
3923
6070
4705
9296
4818
5111
5438
6309
3852
5799
3904
6115
2788
7139
4292
1719
5025
6598
11320
7984
8107
3657
4662
4522
5285
6383
3859
5087
3702
6790
5251
1961
3705
2895
4132
5612
7868
3985
3352
4639
3363
5423
4228
4148
6020
2031
1265
6273
6058
5887
5441
5518
3318
4684
3542
2132
1202
4082
7479
1261
4612
1091
3375
5807
4233
9405
3064
3688
5244
10692
684
4923
5125
4921
1208
6413
5427
6301
5619
1386
6915
7853
6137
2737
4933
4503
6061
431
1396
5965
6988
6433
3694
4574
7455
5858
2452
7020
5504
2573
6816
3763
5267
3772
4464
2321
3520
3796
3162
4671
2930
4500
7210
4078
3742
4041
4978
3994
4088
4890
6783
671
7139
7801
1407
2092
5456
4205
5384
950
4969
433
9132
5891
6150
4238
7284
4696
6068
5010
4923
1867
4395
4344
3830
2596
4947
3938
6446
9700
4741
5503
2514
1682
8481
3915
6004
4544
6950
3344
4288
1270
1712
5666
2089
1941
2360
2949
9418
4203
2000
3533
880
564
2823
4718
2259
2391
3860
1429
3023
3842
2760
2817
7893
10515
2131
11058
5251
3157
6434
1592
7715
8219
4912
7309
2776
1790
4382
6830
8597
2627
5692
7527
2033
2574
2584
1167
10759
1707
2773
9018
5048
575
2450
6094
6337
6414
4263
2727
2276
8536
7776
3273
3981
3290
4840
4043
2312
11454
3215
4352
5254
3342
3951
5418
3581
3644
3021
2280
4080
4210
3864
4595
5397
8011
3718
1784
6143
571
3785
6656
9778
4872
5322
7221
4798
9572
4715
2512
5406
6017
7268
2002
7736
2294
496
864
2687
6947
3087
1082
3086
2151
3890
1763
2918
6001
2306
8809
528
2775
4071
2405
8620
4699
2328
7406
3993
9181
3322
527
6132
5517
5010
5919
2945
3888
1298
8866
1110
5178
697
832
677
2302
6756
10379
4626
5022
4242
1403
788
7753
3283
571
5753
1837
1792
4091
4011
2229
6119
3724
2158
4026
4884
7957
6949
6163
4256
6034
4700
1708
6126
237
1794
6772
2639
5459
6097
1457
5784
4608
3997
3897
4523
3666
11746
6573
6434
6448
3872
4006
1723
6314
8971
3238
2267
3942
7547
4320
4365
1526
5325
6993
3553
5413
1201
1732
8595
5491
3654
2555
1810
7280
8937
5339
7991
5094
2021
2570
5123
8566
8935
1566
6077
1097
5288
3772
5164
7838
6478
5168
5904
6148
1430
4917
3379
4194
11703
7580
3102
2534
3680
1450
5099
6386
5259
1850
1489
6714
9210
1787
4386
2939
6898
2415
4876
6816
7842
4021
7250
4007
3641
9039
8979
4102
5533
6142
1788
2087
3204
4004
4433
4125
6176
1182
3062
3739
5914
4579
4088
1620
8602
7279
6166
3754
1886
3454
9718
5105
4548
9487
11961
3507
10909
3149
6923
5391
4938
3315
187
3303
5656
8357
2564
2681
4312
7170
4723
2336
5687
57
3056
6475
638
5676
8174
5522
8090
7481
3020
2161
2028
5905
4109
9207
2749
2624
9070
2848
10411
2929
2236
704
5744
7678
2303
4438
3200
4803
8358
2153
7142
3712
1890
7443
3993
5692
7751
4594
4015
7017
6488
5340
91
3829
6579
5503
3450
2549
2826
7428
6054
4554
11437
3043
2087
4676
7687
2615
6775
4371
5286
4797
2267
10301
4135
4270
4588
5702
3870
5726
6653
4129
3563
5238
7413
2113
8545
2603
3520
7092
5482
6768
1549
40
1582
8448
3453
987
5367
5877
9163
3345
969
11185
255
2145
5579
6089
6156
10557
540
6544
4190
3784
881
4829
4868
3667
1007
6701
3754
6328
5637
7367
3556
3224
8236
3253
7489
2371
4316
4992
3307
8224
4749
10577
2506
8607
6756
1026
6236
5214
10209
7215
4083
956
5008
4258
1644
7232
5836
5534
703
7043
7463
3944
1540
4623
4185
7786
3820
304
2280
811
157
8550
7467
767
10881
4061
4221
1027
9865
5115
1317
5776
227
5706
2541
5950
3054
1926
4382
5003
4224
10651
1313
3789
1695
7194
7716
5202
7227
4620
2652
3445
8411
9123
1938
2178
7567
2800
2491
7932
2788
5587
7507
8071
7217
8466
4630
1556
6475
6406
4586
6267
3736
4685
7340
6386
6595
2648
6170
8257
4159
3994
7297
6776
4682
4577
9372
6418
7170
6267
3392
5440
6901
3726
5731
3285
2415
8532
4191
5125
9445
2038
5313
1891
6493
1585
1515
6527
5332
9153
7352
1582
7082
5667
8528
5662
5223
4953
6391
2967
5131
7636
4506
8155
4844
8719
6731
10220
5764
1959
2796
10579
5456
4877
6522
12027
9314
4268
4498
3706
4898
6143
8698
5028
7165
4103
8313
8134
3538
6717
7136
10795
7673
1324
6053
5465
7435
2877
3127
7980
6068
5438
813
4208
10647
4295
3177
11451
3114
6969
7147
4762
4905
6366
6817
7324
7551
2151
1721
8556
6519
6712
2411
4235
5195
9469
6821
3849
3247
6690
4912
9347
6198
2214
6180
1562
6393
6176
4254
2667
4977
7021
9964
7665
353
6332
6608
2146
6093
4678
7230
3275
5959
2911
3194
3655
3372
9177
3737
5070
8458
6525
6966
6214
5090
5058
4441
6919
9314
5799
5667
3475
2688
2930
2848
6869
4064
3333
8086
1233
4383
5640
4947
6382
4753
6284
5241
188
6844
5461
5970
8184
6726
3221
3145
3039
2964
3273
7302
7332
8237
2024
1601
2884
3604
6217
4637
6016
7506
3227
3700
2226
3322
10717
6998
4406
3881
6324
356
4779
4846
5539
5405
3451
10452
5784
5799
7570
423
4196
7138
3589
1148
776
4514
2269
10853
3000
4866
4865
2315
5735
6817
6135
10449
11753
2222
2998
9544
4421
9898
6483
8488
2892
425
2509
6602
10400
2079
6505
3558
9092
2338
8771
507
2068
6774
4699
291
5844
6838
4311
8264
5932
6296
7092
5240
5050
4280
5961
4545
7160
7026
5354
998
6688
2545
3297
11452
4737
5745
5702
485
10608
2960
4461
6365
10000
2967
345
3723
3879
2953
4378
4542
4725
903
8559
2406
10944
4918
2811
1237
4758
499
12722
7227
553
179
331
5353
6450
6285
460
6399
13274
6344
932
5941
5698
4920
5214
5415
6026
5001
5059
5055
3033
262
1507
4780
5836
4129
4162
1273
3463
5310
2339
5830
4995
403
419
273
14
